 6.16471E+02	-1.54480E-01
 6.18389E+02	 9.91821E-02
 6.20306E+02	 3.02429E-01
 6.22223E+02	 2.28577E-01
 6.24140E+02	-5.44434E-02
 6.26055E+02	-2.34314E-01
 6.27971E+02	-9.83276E-02
 6.29885E+02	 4.37805E-01
 6.31799E+02	 1.11475E+00
 6.33713E+02	 1.37311E+00
 6.35626E+02	 1.02228E+00
 6.37539E+02	 5.27954E-01
 6.39451E+02	 3.71338E-01
 6.41363E+02	 5.96191E-01
 6.43274E+02	 1.13062E+00
 6.45185E+02	 1.65906E+00
 6.47095E+02	 1.62531E+00
 6.49004E+02	 1.11688E+00
 6.50913E+02	 7.30530E-01
 6.52822E+02	 5.69519E-01
 6.54730E+02	 3.52722E-01
 6.56637E+02	 1.20728E-01
 6.58544E+02	 1.26587E-01
 6.60451E+02	 3.01697E-01
 6.62357E+02	 4.49341E-01
 6.64262E+02	 6.38123E-01
 6.66167E+02	 8.49609E-01
 6.68072E+02	 7.52625E-01
 6.69976E+02	 1.84814E-01
 6.71879E+02	-5.22278E-01
 6.73782E+02	-9.05823E-01
 6.75684E+02	-8.58765E-01
 6.77586E+02	-5.89172E-01
 6.79488E+02	-2.71790E-01
 6.81388E+02	 6.37207E-02
 6.83289E+02	 3.57971E-01
 6.85189E+02	 5.27527E-01
 6.87088E+02	 6.03516E-01
 6.88987E+02	 6.01563E-01
 6.90885E+02	 4.43481E-01
 6.92783E+02	 6.04858E-02
 6.94680E+02	-2.37854E-01
 6.96577E+02	-1.70471E-01
 6.98473E+02	 5.95703E-02
 7.00369E+02	 2.27356E-01
 7.02264E+02	 2.60864E-01
 7.04159E+02	 1.50940E-01
 7.06053E+02	 1.22437E-01
 7.07947E+02	 3.91052E-01
 7.09840E+02	 8.12927E-01
 7.11733E+02	 1.09454E+00
 7.13625E+02	 1.09827E+00
 7.15516E+02	 8.74207E-01
 7.17408E+02	 6.44165E-01
 7.19298E+02	 5.08179E-01
 7.21188E+02	 2.69470E-01
 7.23078E+02	-7.50732E-02
 7.24967E+02	-2.09839E-01
 7.26856E+02	 7.15332E-02
 7.28744E+02	 6.12854E-01
 7.30631E+02	 9.42322E-01
 7.32518E+02	 7.35107E-01
 7.34405E+02	 2.91260E-01
 7.36291E+02	 1.35925E-01
 7.38177E+02	 1.69434E-01
 7.40062E+02	 5.15137E-02
 7.41946E+02	-8.89282E-02
 7.43830E+02	-1.41174E-01
 7.45714E+02	-1.30066E-01
 7.47597E+02	 3.21655E-02
 7.49480E+02	 1.28357E-01
 7.51362E+02	 1.03333E-01
 7.53243E+02	 1.73767E-01
 7.55124E+02	 1.84326E-01
 7.57005E+02	-6.89697E-02
 7.58885E+02	-2.90161E-01
 7.60764E+02	-2.00378E-01
 7.62643E+02	 1.40381E-03
 7.64522E+02	 5.29175E-02
 7.66400E+02	-2.72217E-02
 7.68277E+02	-8.82568E-02
 7.70154E+02	 7.01904E-02
 7.72031E+02	 2.86194E-01
 7.73907E+02	 2.64709E-01
 7.75782E+02	 1.19629E-02
 7.77657E+02	-2.47070E-01
 7.79532E+02	-4.43542E-01
 7.81406E+02	-5.55603E-01
 7.83279E+02	-4.83398E-01
 7.85152E+02	-2.23633E-01
 7.87025E+02	-5.14526E-02
 7.88897E+02	-1.22925E-01
 7.90768E+02	-1.13098E-01
 7.92639E+02	 2.24731E-01
 7.94509E+02	 5.93872E-01
 7.96379E+02	 6.53564E-01
 7.98249E+02	 4.72717E-01
 8.00118E+02	 2.57507E-01
 8.01986E+02	 2.97241E-02
 8.03854E+02	 7.14539E-01
 8.05722E+02	 3.35236E+00
 8.07589E+02	 5.38403E+00
 8.09455E+02	 6.09686E+00
 8.11321E+02	 1.00067E+01
 8.13187E+02	 1.38133E+01
 8.15052E+02	 1.03011E+01
 8.16916E+02	 3.98901E+00
 8.18780E+02	 1.34875E+00
 8.20644E+02	 1.01477E+00
 8.22507E+02	 6.71448E-01
 8.24369E+02	 2.15515E-01
 8.26231E+02	-4.34570E-02
 8.28092E+02	-1.96228E-01
 8.29953E+02	-3.20862E-01
 8.31814E+02	-1.45447E-01
 8.33674E+02	 2.61169E-01
 8.35533E+02	 4.74060E-01
 8.37392E+02	 4.33777E-01
 8.39251E+02	 4.02954E-01
 8.41109E+02	 4.54590E-01
 8.42966E+02	 5.43823E-01
 8.44824E+02	 6.67664E-01
 8.46680E+02	 6.19751E-01
 8.48536E+02	 2.34619E-01
 8.50392E+02	-1.34766E-01
 8.52247E+02	-1.00769E-01
 8.54101E+02	 1.52222E-01
 8.55955E+02	 2.39807E-01
 8.57809E+02	 1.36963E-01
 8.59662E+02	 7.51343E-02
 8.61514E+02	 1.50757E-01
 8.63366E+02	 2.70386E-01
 8.65218E+02	 3.40332E-01
 8.67069E+02	 2.35657E-01
 8.68920E+02	-3.11890E-02
 8.70770E+02	-1.06995E-01
 8.72619E+02	 3.64380E-02
 8.74468E+02	 2.09351E-02
 8.76317E+02	-1.50269E-01
 8.78165E+02	-2.73865E-01
 8.80013E+02	-2.96753E-01
 8.81860E+02	-1.81335E-01
 8.83707E+02	 6.64673E-02
 8.85553E+02	 3.53149E-01
 8.87398E+02	 4.28467E-01
 8.89244E+02	 2.29065E-01
 8.91088E+02	 1.43433E-02
 8.92932E+02	-1.09497E-01
 8.94776E+02	-1.67297E-01
 8.96619E+02	-5.60303E-02
 8.98462E+02	 2.40051E-01
 9.00304E+02	 4.30359E-01
 9.02146E+02	 2.89856E-01
 9.03987E+02	 1.09314E-01
 9.05828E+02	 1.41907E-01
 9.07668E+02	 2.53357E-01
 9.09508E+02	 4.00085E-01
 9.11347E+02	 5.54138E-01
 9.13186E+02	 5.53284E-01
 9.15024E+02	 3.88611E-01
 9.16862E+02	 1.69983E-01
 9.18700E+02	-6.35376E-02
 9.20536E+02	-2.96143E-01
 9.22373E+02	-3.92639E-01
 9.24209E+02	-1.72791E-01
 9.26044E+02	 9.99756E-02
 9.27879E+02	 1.32996E-01
 9.29713E+02	 1.50146E-02
 9.31547E+02	-1.80054E-01
 9.33381E+02	-3.20190E-01
 9.35214E+02	-1.10474E-01
 9.37046E+02	 2.58911E-01
 9.38878E+02	 3.72314E-01
 9.40709E+02	 1.73462E-01
 9.42540E+02	-1.24939E-01
 9.44371E+02	-2.35535E-01
 9.46201E+02	-9.57031E-02
 9.48030E+02	 1.00830E-01
 9.49860E+02	 2.35352E-01
 9.51688E+02	 3.79761E-01
 9.53516E+02	 6.62354E-01
 9.55344E+02	 9.51965E-01
 9.57171E+02	 9.17419E-01
 9.58997E+02	 6.80847E-01
 9.60824E+02	 6.14380E-01
 9.62649E+02	 6.12183E-01
 9.64474E+02	 3.74878E-01
 9.66299E+02	-3.05786E-02
 9.68123E+02	-2.06909E-01
 9.69947E+02	-2.19727E-03
 9.71770E+02	 1.52039E-01
 9.73593E+02	-1.76208E-01
 9.75415E+02	-5.90332E-01
 9.77237E+02	-6.44531E-01
 9.79058E+02	-4.51355E-01
 9.80879E+02	-2.45483E-01
 9.82699E+02	 5.10254E-02
 9.84519E+02	 4.66370E-01
 9.86339E+02	 6.78711E-01
 9.88158E+02	 4.97498E-01
 9.89976E+02	 1.88110E-01
 9.91794E+02	 8.83789E-02
 9.93611E+02	 1.60583E-01
 9.95428E+02	 1.70410E-01
 9.97245E+02	 2.11609E-01
 9.99061E+02	 4.27979E-01
 1.00088E+03	 5.66345E-01
 1.00269E+03	 5.42297E-01
 1.00451E+03	 5.74707E-01
 1.00632E+03	 5.44678E-01
 1.00813E+03	 3.24280E-01
 1.00995E+03	 9.77173E-02
 1.01176E+03	-5.67017E-02
 1.01357E+03	-3.28979E-02
 1.01538E+03	 1.25488E-01
 1.01719E+03	 5.59082E-02
 1.01901E+03	-1.16516E-01
 1.02082E+03	-1.69067E-02
 1.02263E+03	 1.20361E-01
 1.02443E+03	 8.60596E-02
 1.02624E+03	 1.45813E-01
 1.02805E+03	 2.93152E-01
 1.02986E+03	 3.30994E-01
 1.03167E+03	 3.34717E-01
 1.03347E+03	 2.54333E-01
 1.03528E+03	-1.32446E-02
 1.03709E+03	-2.21008E-01
 1.03889E+03	-1.84692E-01
 1.04070E+03	-4.27246E-03
 1.04250E+03	 2.10999E-01
 1.04430E+03	 3.39233E-01
 1.04611E+03	 3.14941E-01
 1.04791E+03	 2.56958E-01
 1.04971E+03	 2.34070E-01
 1.05152E+03	 1.48865E-01
 1.05332E+03	-1.11084E-01
 1.05512E+03	-4.42749E-01
 1.05692E+03	-4.99146E-01
 1.05872E+03	-1.30310E-01
 1.06052E+03	 2.95044E-01
 1.06232E+03	 3.95630E-01
 1.06412E+03	 3.46497E-01
 1.06592E+03	 4.25842E-01
 1.06771E+03	 4.92981E-01
 1.06951E+03	 3.91785E-01
 1.07131E+03	 1.87866E-01
 1.07310E+03	-3.11279E-03
 1.07490E+03	-7.48291E-02
 1.07670E+03	-7.10449E-02
 1.07849E+03	-7.59277E-02
 1.08029E+03	-9.25903E-02
 1.08208E+03	-2.22839E-01
 1.08387E+03	-3.74573E-01
 1.08567E+03	-2.38647E-01
 1.08746E+03	 1.10107E-01
 1.08925E+03	 3.65601E-01
 1.09104E+03	 4.21509E-01
 1.09283E+03	 2.34131E-01
 1.09462E+03	-2.45361E-02
 1.09642E+03	 4.87061E-02
 1.09820E+03	 3.85193E-01
 1.09999E+03	 4.47510E-01
 1.10178E+03	 1.98425E-01
 1.10357E+03	 9.13696E-02
 1.10536E+03	 1.35986E-01
 1.10715E+03	 5.49316E-02
 1.10893E+03	-8.49609E-02
 1.11072E+03	-2.12402E-02
 1.11251E+03	 3.08655E-01
 1.11429E+03	 4.79797E-01
 1.11608E+03	 1.68762E-01
 1.11786E+03	-2.51526E-01
 1.11965E+03	-4.87244E-01
 1.12143E+03	-5.28992E-01
 1.12321E+03	-3.17505E-01
 1.12500E+03	 2.53906E-02
 1.12678E+03	 3.15430E-01
 1.12856E+03	 4.83765E-01
 1.13034E+03	 3.33618E-01
 1.13212E+03	-4.75464E-02
 1.13390E+03	-2.22168E-02
 1.13568E+03	 4.40918E-01
 1.13746E+03	 5.88684E-01
 1.13924E+03	 3.27332E-01
 1.14102E+03	 1.41418E-01
 1.14280E+03	 1.08948E-01
 1.14457E+03	 1.23779E-01
 1.14635E+03	 2.64038E-01
 1.14813E+03	 4.42322E-01
 1.14990E+03	 3.93005E-01
 1.15168E+03	 2.10022E-01
 1.15346E+03	 8.70972E-02
 1.15523E+03	-2.55737E-02
 1.15700E+03	-7.46460E-02
 1.15878E+03	-3.79639E-02
 1.16055E+03	-8.82568E-02
 1.16233E+03	-2.49817E-01
 1.16410E+03	-3.03894E-01
 1.16587E+03	-1.44287E-01
 1.16764E+03	-1.58081E-02
 1.16941E+03	 9.64355E-03
 1.17118E+03	 1.38367E-01
 1.17295E+03	 2.85889E-01
 1.17472E+03	 2.49207E-01
 1.17649E+03	 1.62781E-01
 1.17826E+03	 2.82654E-01
 1.18003E+03	 4.49524E-01
 1.18180E+03	 3.35388E-01
 1.18356E+03	 1.27563E-01
 1.18533E+03	 1.41846E-01
 1.18710E+03	 2.40601E-01
 1.18886E+03	 1.32690E-01
 1.19063E+03	-1.18896E-01
 1.19239E+03	-2.20215E-01
 1.19416E+03	-1.65161E-01
 1.19592E+03	-9.88770E-03
 1.19769E+03	 2.36145E-01
 1.19945E+03	 2.73010E-01
 1.20121E+03	 3.51563E-02
 1.20297E+03	-1.49353E-01
 1.20474E+03	-1.55518E-01
 1.20650E+03	-5.51758E-02
 1.20826E+03	 9.53979E-02
 1.21002E+03	 2.77527E-01
 1.21178E+03	 4.13147E-01
 1.21354E+03	 3.89709E-01
 1.21530E+03	 3.44727E-01
 1.21706E+03	 4.22058E-01
 1.21881E+03	 4.12292E-01
 1.22057E+03	 1.18713E-01
 1.22233E+03	-2.86865E-01
 1.22409E+03	-3.94836E-01
 1.22584E+03	-5.21240E-02
 1.22760E+03	 2.78992E-01
 1.22935E+03	 1.26770E-01
 1.23111E+03	-2.77222E-01
 1.23286E+03	-3.80493E-01
 1.23462E+03	-7.73315E-02
 1.23637E+03	 1.79260E-01
 1.23812E+03	 1.64185E-01
 1.23988E+03	 1.58875E-01
 1.24163E+03	 3.07007E-01
 1.24338E+03	 4.02222E-01
 1.24513E+03	 2.91687E-01
 1.24688E+03	 1.31531E-01
 1.24863E+03	 1.17371E-01
 1.25038E+03	 1.87683E-01
 1.25213E+03	 2.45789E-01
 1.25388E+03	 2.54395E-01
 1.25563E+03	 1.44653E-01
 1.25738E+03	-3.02124E-02
 1.25912E+03	-1.04492E-01
 1.26087E+03	 4.68750E-02
 1.26262E+03	 3.14575E-01
 1.26436E+03	 3.36304E-01
 1.26611E+03	 5.59692E-02
 1.26786E+03	-1.05896E-01
 1.26960E+03	 1.35498E-02
 1.27134E+03	 1.89209E-03
 1.27309E+03	-2.90894E-01
 1.27483E+03	-4.27246E-01
 1.27658E+03	-1.22864E-01
 1.27832E+03	 3.50464E-01
 1.28006E+03	 5.67688E-01
 1.28180E+03	 4.38232E-01
 1.28354E+03	 1.93298E-01
 1.28528E+03	-1.70898E-03
 1.28702E+03	-1.37268E-01
 1.28876E+03	-1.60095E-01
 1.29050E+03	-1.72119E-02
 1.29224E+03	 2.63489E-01
 1.29398E+03	 4.72473E-01
 1.29572E+03	 4.31702E-01
 1.29746E+03	 3.91113E-01
 1.29919E+03	 4.50806E-01
 1.30093E+03	 3.35815E-01
 1.30267E+03	 1.11694E-01
 1.30440E+03	 3.16772E-02
 1.30614E+03	-7.44629E-03
 1.30787E+03	-1.43005E-01
 1.30961E+03	-2.12219E-01
 1.31134E+03	-1.91162E-01
 1.31307E+03	-2.72949E-01
 1.31481E+03	-3.70239E-01
 1.31654E+03	-2.51648E-01
 1.31827E+03	 8.90503E-02
 1.32000E+03	 4.01794E-01
 1.32173E+03	 4.79553E-01
 1.32347E+03	 5.10559E-01
 1.32520E+03	 5.88806E-01
 1.32693E+03	 5.01648E-01
 1.32866E+03	 3.83484E-01
 1.33038E+03	 4.06250E-01
 1.33211E+03	 3.76160E-01
 1.33384E+03	 2.40234E-01
 1.33557E+03	 7.34253E-02
 1.33730E+03	-1.30493E-01
 1.33902E+03	-1.99585E-01
 1.34075E+03	 3.49121E-02
 1.34247E+03	 2.48108E-01
 1.34420E+03	 9.63135E-02
 1.34592E+03	-1.44714E-01
 1.34765E+03	-1.82556E-01
 1.34937E+03	-1.95374E-01
 1.35110E+03	-2.29919E-01
 1.35282E+03	-8.00781E-02
 1.35454E+03	 2.57385E-01
 1.35627E+03	 4.76196E-01
 1.35799E+03	 4.38843E-01
 1.35971E+03	 3.82751E-01
 1.36143E+03	 5.23682E-01
 1.36315E+03	 8.30322E-01
 1.36487E+03	 9.21326E-01
 1.36659E+03	 5.96924E-01
 1.36831E+03	 3.38074E-01
 1.37003E+03	 3.82568E-01
 1.37175E+03	 3.45825E-01
 1.37346E+03	 2.02881E-01
 1.37518E+03	 3.19458E-01
 1.37690E+03	 5.64209E-01
 1.37861E+03	 5.59082E-01
 1.38033E+03	 3.54004E-01
 1.38205E+03	 1.74011E-01
 1.38376E+03	 1.94092E-01
 1.38548E+03	 4.51721E-01
 1.38719E+03	 6.40808E-01
 1.38890E+03	 5.61157E-01
 1.39062E+03	 4.15955E-01
 1.39233E+03	 3.70911E-01
 1.39404E+03	 3.32153E-01
 1.39575E+03	 1.15356E-01
 1.39747E+03	-1.82556E-01
 1.39918E+03	-2.42920E-01
 1.40089E+03	-2.50244E-02
 1.40260E+03	 2.58606E-01
 1.40431E+03	 3.61023E-01
 1.40602E+03	 2.10449E-01
 1.40773E+03	 5.06592E-02
 1.40943E+03	 3.15552E-02
 1.41114E+03	 4.06494E-02
 1.41285E+03	 1.55640E-02
 1.41456E+03	 6.16455E-03
 1.41626E+03	 5.30396E-02
 1.41797E+03	 1.28296E-01
 1.41968E+03	 2.06787E-01
 1.42138E+03	 2.04041E-01
 1.42309E+03	 4.63867E-03
 1.42479E+03	-2.10266E-01
 1.42649E+03	-2.18750E-01
 1.42820E+03	-7.71484E-02
 1.42990E+03	 8.02002E-02
 1.43160E+03	 1.59607E-01
 1.43331E+03	 2.32910E-01
 1.43501E+03	 3.75183E-01
 1.43671E+03	 4.23828E-01
 1.43841E+03	 2.97607E-01
 1.44011E+03	 1.15356E-01
 1.44181E+03	-5.73120E-02
 1.44351E+03	-1.61011E-01
 1.44521E+03	-1.23901E-01
 1.44691E+03	-4.27856E-02
 1.44861E+03	-4.27246E-02
 1.45031E+03	-2.99072E-02
 1.45200E+03	 8.31909E-02
 1.45370E+03	 1.77856E-01
 1.45540E+03	 1.75903E-01
 1.45709E+03	 1.24329E-01
 1.45879E+03	 1.26282E-01
 1.46048E+03	 1.81702E-01
 1.46218E+03	 1.75110E-01
 1.46387E+03	 3.00232E-01
 1.46557E+03	 6.94702E-01
 1.46726E+03	 8.99170E-01
 1.46895E+03	 7.01294E-01
 1.47065E+03	 4.66797E-01
 1.47234E+03	 2.61475E-01
 1.47403E+03	-6.75659E-02
 1.47572E+03	-3.29163E-01
 1.47741E+03	-3.07129E-01
 1.47910E+03	-1.53137E-01
 1.48079E+03	-9.20410E-02
 1.48248E+03	-8.48389E-03
 1.48417E+03	 1.50757E-01
 1.48586E+03	 1.48193E-01
 1.48755E+03	 3.33252E-02
 1.48924E+03	 2.78931E-02
 1.49092E+03	 6.01196E-02
 1.49261E+03	-4.49829E-02
 1.49430E+03	-1.18713E-01
 1.49598E+03	 1.04614E-01
 1.49767E+03	 5.18677E-01
 1.49935E+03	 7.11121E-01
 1.50104E+03	 5.63049E-01
 1.50272E+03	 3.62061E-01
 1.50441E+03	 2.89368E-01
 1.50609E+03	 3.51318E-01
 1.50777E+03	 3.79028E-01
 1.50946E+03	 1.56982E-01
 1.51114E+03	-4.91943E-02
 1.51282E+03	 7.61719E-02
 1.51450E+03	 3.01758E-01
 1.51618E+03	 4.15100E-01
 1.51786E+03	 4.56970E-01
 1.51954E+03	 3.58521E-01
 1.52122E+03	 1.66687E-01
 1.52290E+03	 1.06506E-01
 1.52458E+03	 2.46765E-01
 1.52626E+03	 5.65491E-01
 1.52794E+03	 8.78113E-01
 1.52961E+03	 8.13171E-01
 1.53129E+03	 3.61450E-01
 1.53297E+03	-1.45874E-02
 1.53464E+03	-8.42285E-03
 1.53632E+03	 2.11243E-01
 1.53799E+03	 3.13477E-01
 1.53967E+03	 1.95618E-01
 1.54134E+03	 3.95508E-02
 1.54302E+03	 2.16064E-02
 1.54469E+03	 6.62231E-02
 1.54636E+03	 7.08008E-03
 1.54804E+03	-1.54602E-01
 1.54971E+03	-2.55981E-01
 1.55138E+03	-2.21863E-01
 1.55305E+03	-6.03027E-02
 1.55472E+03	 2.11548E-01
 1.55639E+03	 3.35815E-01
 1.55806E+03	 1.96106E-01
 1.55973E+03	 2.19727E-02
 1.56140E+03	-1.01257E-01
 1.56307E+03	-1.71387E-01
 1.56474E+03	-8.85010E-02
 1.56641E+03	 1.00952E-01
 1.56808E+03	 2.22595E-01
 1.56974E+03	 1.08459E-01
 1.57141E+03	-1.16821E-01
 1.57308E+03	-2.85706E-01
 1.57474E+03	-3.85681E-01
 1.57641E+03	-3.57544E-01
 1.57807E+03	-1.13586E-01
 1.57974E+03	 3.14941E-01
 1.58140E+03	 7.09106E-01
 1.58306E+03	 8.00171E-01
 1.58473E+03	 6.22559E-01
 1.58639E+03	 4.04541E-01
 1.58805E+03	 2.92908E-01
 1.58972E+03	 3.22083E-01
 1.59138E+03	 3.16956E-01
 1.59304E+03	 1.40076E-01
 1.59470E+03	-4.59595E-02
 1.59636E+03	-1.31897E-01
 1.59802E+03	-1.83228E-01
 1.59968E+03	-2.15637E-01
 1.60134E+03	-9.79004E-02
 1.60300E+03	 2.63794E-01
 1.60465E+03	 6.75659E-01
 1.60631E+03	 9.44031E-01
 1.60797E+03	 8.84521E-01
 1.60963E+03	 4.09607E-01
 1.61128E+03	 1.62354E-02
 1.61294E+03	 6.99463E-02
 1.61459E+03	 2.11426E-01
 1.61625E+03	 1.84509E-01
 1.61790E+03	 2.14172E-01
 1.61956E+03	 3.19214E-01
 1.62121E+03	 2.46521E-01
 1.62287E+03	-6.71387E-04
 1.62452E+03	-2.06787E-01
 1.62617E+03	-1.90491E-01
 1.62782E+03	-9.22241E-02
 1.62948E+03	-1.40137E-01
 1.63113E+03	-1.37146E-01
 1.63278E+03	 1.29333E-01
 1.63443E+03	 4.45923E-01
 1.63608E+03	 3.50159E-01
 1.63773E+03	-1.29761E-01
 1.63938E+03	-3.43994E-01
 1.64103E+03	-7.36084E-02
 1.64267E+03	 3.56323E-01
 1.64432E+03	 7.08252E-01
 1.64597E+03	 6.60339E-01
 1.64762E+03	 1.25183E-01
 1.64926E+03	-3.53516E-01
 1.65091E+03	-3.94531E-01
 1.65256E+03	-1.85364E-01
 1.65420E+03	 1.15967E-02
 1.65585E+03	 1.27502E-01
 1.65749E+03	 1.53137E-01
 1.65914E+03	 2.59399E-02
 1.66078E+03	-1.16577E-01
 1.66242E+03	 1.92871E-02
 1.66407E+03	 3.39966E-01
 1.66571E+03	 4.82971E-01
 1.66735E+03	 3.98193E-01
 1.66899E+03	 2.98340E-01
 1.67063E+03	 2.64709E-01
 1.67227E+03	 2.03491E-01
 1.67391E+03	 9.30786E-02
 1.67555E+03	-3.51563E-02
 1.67719E+03	-2.65442E-01
 1.67883E+03	-4.73389E-01
 1.68047E+03	-3.46130E-01
 1.68211E+03	-3.00293E-02
 1.68375E+03	 1.32996E-01
 1.68539E+03	 1.49353E-01
 1.68702E+03	 7.51953E-02
 1.68866E+03	-5.50537E-02
 1.69030E+03	 8.35571E-02
 1.69193E+03	 4.97375E-01
 1.69357E+03	 6.42517E-01
 1.69520E+03	 4.00391E-01
 1.69684E+03	 1.39648E-01
 1.69847E+03	-4.27856E-02
 1.70010E+03	-1.43799E-01
 1.70174E+03	-3.82690E-02
 1.70337E+03	 1.32935E-01
 1.70500E+03	 1.26343E-01
 1.70663E+03	 1.00708E-02
 1.70827E+03	 4.04663E-02
 1.70990E+03	 2.64893E-01
 1.71153E+03	 4.08264E-01
 1.71316E+03	 3.48694E-01
 1.71479E+03	 2.23816E-01
 1.71642E+03	 4.60205E-02
 1.71805E+03	-1.25305E-01
 1.71968E+03	-1.74377E-01
 1.72130E+03	-1.66931E-01
 1.72293E+03	-3.72314E-02
 1.72456E+03	 3.20923E-01
 1.72619E+03	 5.45105E-01
 1.72781E+03	 3.13477E-01
 1.72944E+03	 4.21143E-03
 1.73107E+03	-4.24805E-02
 1.73269E+03	-8.61206E-02
 1.73432E+03	-2.39014E-01
 1.73594E+03	-2.79358E-01
 1.73757E+03	-1.38245E-01
 1.73919E+03	 1.49841E-01
 1.74081E+03	 4.56787E-01
 1.74244E+03	 4.29565E-01
 1.74406E+03	 1.02417E-01
 1.74568E+03	 1.91650E-02
 1.74730E+03	 2.11060E-01
 1.74892E+03	 1.74988E-01
 1.75054E+03	-9.52759E-02
 1.75216E+03	-1.59180E-01
 1.75378E+03	 5.31006E-03
 1.75540E+03	 9.49707E-02
 1.75702E+03	 1.84753E-01
 1.75864E+03	 4.55994E-01
 1.76026E+03	 6.43127E-01
 1.76188E+03	 5.49194E-01
 1.76350E+03	 4.52454E-01
 1.76511E+03	 5.12146E-01
 1.76673E+03	 5.37720E-01
 1.76835E+03	 4.29260E-01
 1.76996E+03	 2.58606E-01
 1.77158E+03	 1.38306E-01
 1.77319E+03	 2.05811E-01
 1.77481E+03	 3.48755E-01
 1.77642E+03	 2.73438E-01
 1.77804E+03	 9.22852E-02
 1.77965E+03	 3.36304E-02
 1.78126E+03	 6.83594E-03
 1.78288E+03	-2.53906E-02
 1.78449E+03	-5.49316E-04
 1.78610E+03	 1.00342E-01
 1.78771E+03	 2.08862E-01
 1.78932E+03	 1.26038E-01
 1.79093E+03	-1.75354E-01
 1.79254E+03	-4.04785E-01
 1.79415E+03	-2.90405E-01
 1.79576E+03	-3.21655E-02
 1.79737E+03	 1.26160E-01
 1.79898E+03	 2.72034E-01
 1.80059E+03	 3.64929E-01
 1.80220E+03	 2.70447E-01
 1.80380E+03	 1.47888E-01
 1.80541E+03	 1.62964E-01
 1.80702E+03	 1.74927E-01
 1.80862E+03	 4.33960E-02
 1.81023E+03	-1.19385E-01
 1.81183E+03	-1.03882E-01
 1.81344E+03	 7.11060E-02
 1.81504E+03	 1.86768E-01
 1.81665E+03	 2.33887E-01
 1.81825E+03	 2.24792E-01
 1.81985E+03	 6.90308E-02
 1.82146E+03	-5.53589E-02
 1.82306E+03	-2.65503E-02
 1.82466E+03	-1.31836E-02
 1.82626E+03	 1.59302E-02
 1.82786E+03	 1.48315E-01
 1.82947E+03	 2.71423E-01
 1.83107E+03	 4.72900E-01
 1.83267E+03	 7.15088E-01
 1.83427E+03	 6.16943E-01
 1.83586E+03	 2.53235E-01
 1.83746E+03	 1.08521E-01
 1.83906E+03	 3.70178E-01
 1.84066E+03	 6.72729E-01
 1.84226E+03	 5.56702E-01
 1.84385E+03	 3.18970E-01
 1.84545E+03	 3.28491E-01
 1.84705E+03	 2.50671E-01
 1.84864E+03	 6.37817E-02
 1.85024E+03	 1.14685E-01
 1.85183E+03	 2.59583E-01
 1.85343E+03	 2.20520E-01
 1.85502E+03	 1.00586E-01
 1.85662E+03	 2.78931E-02
 1.85821E+03	-8.50830E-02
 1.85980E+03	-1.59119E-01
 1.86140E+03	-9.23462E-02
 1.86299E+03	-9.72900E-02
 1.86458E+03	-2.23999E-01
 1.86617E+03	-2.28577E-01
 1.86776E+03	 1.69067E-02
 1.86935E+03	 3.65723E-01
 1.87095E+03	 4.86572E-01
 1.87254E+03	 3.07617E-01
 1.87412E+03	 9.45435E-02
 1.87571E+03	-1.83105E-02
 1.87730E+03	 5.96313E-02
 1.87889E+03	 2.53479E-01
 1.88048E+03	 2.00684E-01
 1.88207E+03	-4.87671E-02
 1.88365E+03	-1.38489E-01
 1.88524E+03	 6.53076E-03
 1.88683E+03	 2.26807E-01
 1.88841E+03	 2.47498E-01
 1.89000E+03	 5.29175E-02
 1.89158E+03	-7.35474E-02
 1.89317E+03	-1.15051E-01
 1.89475E+03	-1.06445E-01
 1.89634E+03	 2.09961E-02
 1.89792E+03	 3.91846E-02
 1.89950E+03	-1.26892E-01
 1.90109E+03	-1.02234E-01
 1.90267E+03	 1.53748E-01
 1.90425E+03	 3.12988E-01
 1.90583E+03	 2.50488E-01
 1.90741E+03	 4.74243E-02
 1.90899E+03	-1.17188E-02
 1.91057E+03	 1.76086E-01
 1.91215E+03	 2.95288E-01
 1.91373E+03	 3.08411E-01
 1.91531E+03	 3.62244E-01
 1.91689E+03	 3.53699E-01
 1.91847E+03	 2.39014E-01
 1.92005E+03	 1.02661E-01
 1.92163E+03	 7.58057E-02
 1.92320E+03	 1.30432E-01
 1.92478E+03	 8.82568E-02
 1.92636E+03	 5.88379E-02
 1.92793E+03	 1.26404E-01
 1.92951E+03	 9.41162E-02
 1.93108E+03	-3.47900E-02
 1.93266E+03	-1.04126E-01
 1.93423E+03	-8.26416E-02
 1.93581E+03	-1.09863E-02
 1.93738E+03	 5.78613E-02
 1.93895E+03	 1.20667E-01
 1.94053E+03	 8.67920E-02
 1.94210E+03	-9.64355E-03
 1.94367E+03	 9.40552E-02
 1.94524E+03	 2.04163E-01
 1.94681E+03	 1.75171E-02
 1.94838E+03	-2.09961E-01
 1.94995E+03	-1.84082E-01
 1.95152E+03	 4.18701E-02
 1.95309E+03	 2.83630E-01
 1.95466E+03	 3.91174E-01
 1.95623E+03	 2.36389E-01
 1.95780E+03	-4.32739E-02
 1.95937E+03	-3.83911E-02
 1.96094E+03	 1.63574E-01
 1.96250E+03	 1.75110E-01
 1.96407E+03	 1.27380E-01
 1.96564E+03	 2.86133E-01
 1.96720E+03	 5.26367E-01
 1.96877E+03	 5.10620E-01
 1.97033E+03	 2.20093E-01
 1.97190E+03	 4.85229E-02
 1.97346E+03	 1.77246E-01
 1.97503E+03	 3.15613E-01
 1.97659E+03	 1.82434E-01
 1.97815E+03	-1.91040E-02
 1.97972E+03	-4.21753E-02
 1.98128E+03	-8.99048E-02
 1.98284E+03	-2.33948E-01
 1.98440E+03	-1.86951E-01
 1.98597E+03	 7.31201E-02
 1.98753E+03	 2.02515E-01
 1.98909E+03	 2.27051E-02
 1.99065E+03	-1.91467E-01
 1.99221E+03	-1.30798E-01
 1.99377E+03	 8.21533E-02
 1.99533E+03	 2.25464E-01
 1.99688E+03	 2.28271E-01
 1.99844E+03	 9.97925E-02
 2.00000E+03	-7.23877E-02
 2.00156E+03	-2.13379E-01
 2.00311E+03	-2.41821E-01
 2.00467E+03	-1.13831E-01
 2.00623E+03	 1.42273E-01
 2.00778E+03	 3.76587E-01
 2.00934E+03	 3.48572E-01
 2.01089E+03	 1.45508E-01
 2.01245E+03	 9.57031E-02
 2.01400E+03	 1.67908E-01
 2.01556E+03	 1.46362E-01
 2.01711E+03	 1.56189E-01
 2.01866E+03	 3.09814E-01
 2.02022E+03	 3.94775E-01
 2.02177E+03	 2.98584E-01
 2.02332E+03	 1.46240E-01
 2.02487E+03	 1.81458E-01
 2.02642E+03	 5.19897E-01
 2.02797E+03	 7.83447E-01
 2.02953E+03	 6.18835E-01
 2.03108E+03	 2.73193E-01
 2.03262E+03	 3.69263E-02
 2.03417E+03	-7.42188E-02
 2.03572E+03	-4.46777E-02
 2.03727E+03	 6.31104E-02
 2.03882E+03	 9.90601E-02
 2.04037E+03	 7.26318E-02
 2.04191E+03	 1.08887E-01
 2.04346E+03	 2.51343E-01
 2.04501E+03	 4.84558E-01
 2.04655E+03	 6.99158E-01
 2.04810E+03	 6.32568E-01
 2.04965E+03	 3.00415E-01
 2.05119E+03	 1.90308E-01
 2.05274E+03	 4.36523E-01
 2.05428E+03	 5.73425E-01
 2.05582E+03	 4.72961E-01
 2.05737E+03	 3.03894E-01
 2.05891E+03	 5.67627E-02
 2.06045E+03	-2.14844E-02
 2.06200E+03	 2.15942E-01
 2.06354E+03	 3.75366E-01
 2.06508E+03	 3.47473E-01
 2.06662E+03	 3.50891E-01
 2.06816E+03	 3.79517E-01
 2.06970E+03	 4.83215E-01
 2.07124E+03	 6.77734E-01
 2.07278E+03	 6.87927E-01
 2.07432E+03	 4.13879E-01
 2.07586E+03	 9.94263E-02
 2.07740E+03	-4.93164E-02
 2.07894E+03	-9.16138E-02
 2.08047E+03	-1.30676E-01
 2.08201E+03	-7.56836E-02
 2.08355E+03	 8.56323E-02
 2.08508E+03	 2.03369E-01
 2.08662E+03	 2.90039E-01
 2.08816E+03	 4.08203E-01
 2.08969E+03	 5.23438E-01
 2.09123E+03	 6.57593E-01
 2.09276E+03	 6.48315E-01
 2.09430E+03	 2.92419E-01
 2.09583E+03	-6.01196E-02
 2.09736E+03	-1.27991E-01
 2.09890E+03	-1.33057E-01
 2.10043E+03	-1.28357E-01
 2.10196E+03	-1.13892E-01
 2.10349E+03	-1.42883E-01
 2.10502E+03	-6.50635E-02
 2.10656E+03	 4.44336E-02
 2.10809E+03	-8.54492E-03
 2.10962E+03	-2.69775E-02
 2.11115E+03	 1.70288E-01
 2.11268E+03	 2.70630E-01
 2.11421E+03	 1.52222E-01
 2.11573E+03	 1.37085E-01
 2.11726E+03	 1.78162E-01
 2.11879E+03	 6.62842E-02
 2.12032E+03	 7.94678E-02
 2.12185E+03	 3.36487E-01
 2.12337E+03	 4.74854E-01
 2.12490E+03	 3.60168E-01
 2.12643E+03	 1.95557E-01
 2.12795E+03	 1.43494E-01
 2.12948E+03	 2.04041E-01
 2.13100E+03	 3.05359E-01
 2.13253E+03	 3.94165E-01
 2.13405E+03	 4.20593E-01
 2.13558E+03	 4.47144E-01
 2.13710E+03	 5.61218E-01
 2.13862E+03	 6.78528E-01
 2.14015E+03	 6.71021E-01
 2.14167E+03	 4.72839E-01
 2.14319E+03	 1.46729E-01
 2.14471E+03	-5.12085E-02
 2.14623E+03	-2.19727E-03
 2.14775E+03	 4.07104E-02
 2.14927E+03	 1.18408E-02
 2.15079E+03	 1.23657E-01
 2.15231E+03	 2.44934E-01
 2.15383E+03	 2.72644E-01
 2.15535E+03	 3.78479E-01
 2.15687E+03	 4.12598E-01
 2.15839E+03	 3.21838E-01
 2.15991E+03	 3.81226E-01
 2.16143E+03	 4.37561E-01
 2.16294E+03	 2.34619E-01
 2.16446E+03	-2.44141E-02
 2.16598E+03	-8.64868E-02
 2.16749E+03	 5.78613E-02
 2.16901E+03	 2.55493E-01
 2.17052E+03	 3.09448E-01
 2.17204E+03	 1.04187E-01
 2.17355E+03	-2.29065E-01
 2.17507E+03	-4.21265E-01
 2.17658E+03	-3.04077E-01
 2.17809E+03	 2.88696E-02
 2.17961E+03	 1.61865E-01
 2.18112E+03	 4.33350E-03
 2.18263E+03	 2.81982E-02
 2.18414E+03	 3.61450E-01
 2.18565E+03	 6.38611E-01
 2.18717E+03	 5.78247E-01
 2.18868E+03	 3.02429E-01
 2.19019E+03	 1.89209E-01
 2.19170E+03	 3.01025E-01
 2.19321E+03	 3.50403E-01
 2.19472E+03	 2.34192E-01
 2.19622E+03	 1.80664E-01
 2.19773E+03	 3.24036E-01
 2.19924E+03	 4.51904E-01
 2.20075E+03	 3.51685E-01
 2.20226E+03	 1.51611E-01
 2.20376E+03	 1.64063E-01
 2.20527E+03	 3.89099E-01
 2.20678E+03	 5.20447E-01
 2.20828E+03	 4.95667E-01
 2.20979E+03	 4.20898E-01
 2.21129E+03	 3.36914E-01
 2.21280E+03	 3.49854E-01
 2.21430E+03	 4.19128E-01
 2.21581E+03	 3.75977E-01
 2.21731E+03	 2.73560E-01
 2.21881E+03	 2.99255E-01
 2.22032E+03	 5.09521E-01
 2.22182E+03	 6.51123E-01
 2.22332E+03	 5.02075E-01
 2.22482E+03	 3.65662E-01
 2.22632E+03	 4.60571E-01
 2.22783E+03	 4.61853E-01
 2.22933E+03	 2.69470E-01
 2.23083E+03	 1.67786E-01
 2.23233E+03	 1.94336E-01
 2.23383E+03	 2.14661E-01
 2.23532E+03	 2.60132E-01
 2.23682E+03	 3.86902E-01
 2.23832E+03	 5.04456E-01
 2.23982E+03	 4.25110E-01
 2.24132E+03	 1.30310E-01
 2.24282E+03	-5.49927E-02
 2.24431E+03	 7.22656E-02
 2.24581E+03	 2.27722E-01
 2.24731E+03	 2.17712E-01
 2.24880E+03	 2.23328E-01
 2.25030E+03	 2.38525E-01
 2.25179E+03	 8.81348E-02
 2.25329E+03	-5.57861E-02
 2.25478E+03	 1.12793E-01
 2.25627E+03	 4.03381E-01
 2.25777E+03	 3.62854E-01
 2.25926E+03	 8.17871E-02
 2.26075E+03	-1.15967E-02
 2.26225E+03	 1.73218E-01
 2.26374E+03	 4.14429E-01
 2.26523E+03	 4.37012E-01
 2.26672E+03	 3.00354E-01
 2.26821E+03	 4.70093E-01
 2.26970E+03	 9.21265E-01
 2.27119E+03	 1.00690E+00
 2.27268E+03	 6.05225E-01
 2.27417E+03	 2.53662E-01
 2.27566E+03	 2.89795E-01
 2.27715E+03	 5.32349E-01
 2.27864E+03	 6.06384E-01
 2.28013E+03	 4.58740E-01
 2.28162E+03	 4.04968E-01
 2.28310E+03	 5.20264E-01
 2.28459E+03	 4.04480E-01
 2.28608E+03	 2.95410E-02
 2.28756E+03	-1.07666E-01
 2.28905E+03	-6.32935E-02
 2.29054E+03	-1.21765E-01
 2.29202E+03	-5.18188E-02
 2.29351E+03	 1.77856E-01
 2.29499E+03	 3.14148E-01
 2.29647E+03	 3.19580E-01
 2.29796E+03	 2.56775E-01
 2.29944E+03	 2.47559E-01
 2.30092E+03	 2.98218E-01
 2.30241E+03	 1.93359E-01
 2.30389E+03	-3.89404E-02
 2.30537E+03	-1.42212E-01
 2.30685E+03	-9.75342E-02
 2.30833E+03	 1.58691E-03
 2.30981E+03	 9.49097E-02
 2.31129E+03	 3.52783E-02
 2.31277E+03	-1.19690E-01
 2.31425E+03	-1.62109E-01
 2.31573E+03	-1.60706E-01
 2.31721E+03	-1.74805E-01
 2.31869E+03	 2.06299E-02
 2.32017E+03	 3.50403E-01
 2.32165E+03	 4.83459E-01
 2.32312E+03	 4.13513E-01
 2.32460E+03	 3.12317E-01
 2.32608E+03	 2.83142E-01
 2.32755E+03	 3.88428E-01
 2.32903E+03	 5.53162E-01
 2.33051E+03	 5.43030E-01
 2.33198E+03	 3.67371E-01
 2.33346E+03	 2.60559E-01
 2.33493E+03	 1.50757E-01
 2.33641E+03	-5.59082E-02
 2.33788E+03	-1.65649E-01
 2.33935E+03	-8.47778E-02
 2.34083E+03	 6.18896E-02
 2.34230E+03	 8.98438E-02
 2.34377E+03	-1.33057E-02
 2.34524E+03	 6.18286E-02
 2.34672E+03	 4.65149E-01
 2.34819E+03	 7.96692E-01
 2.34966E+03	 7.44080E-01
 2.35113E+03	 5.10193E-01
 2.35260E+03	 3.10913E-01
 2.35407E+03	 1.89941E-01
 2.35554E+03	 1.69067E-01
 2.35701E+03	 1.73340E-01
 2.35848E+03	 1.58997E-01
 2.35994E+03	 2.19788E-01
 2.36141E+03	 3.62000E-01
 2.36288E+03	 4.54407E-01
 2.36435E+03	 4.71924E-01
 2.36581E+03	 4.67834E-01
 2.36728E+03	 3.88916E-01
 2.36875E+03	 2.47681E-01
 2.37021E+03	 1.37878E-01
 2.37168E+03	 4.71191E-02
 2.37314E+03	-4.33960E-02
 2.37461E+03	-9.61914E-02
 2.37607E+03	-7.37305E-02
 2.37754E+03	 3.65601E-02
 2.37900E+03	 2.00256E-01
 2.38046E+03	 3.26843E-01
 2.38193E+03	 2.41211E-01
 2.38339E+03	-8.45947E-02
 2.38485E+03	-3.13049E-01
 2.38631E+03	-2.16003E-01
 2.38778E+03	 3.41797E-03
 2.38924E+03	 1.45386E-01
 2.39070E+03	 1.53748E-01
 2.39216E+03	 4.10767E-02
 2.39362E+03	-3.15552E-02
 2.39508E+03	-4.08936E-03
 2.39654E+03	-1.72119E-02
 2.39800E+03	-3.68652E-02
 2.39946E+03	 4.36401E-02
 2.40091E+03	 1.33606E-01
 2.40237E+03	 1.03455E-01
 2.40383E+03	-3.28979E-02
 2.40529E+03	-1.34705E-01
 2.40674E+03	-1.08398E-01
 2.40820E+03	-2.88086E-02
 2.40966E+03	 4.76685E-02
 2.41111E+03	 1.61804E-01
 2.41257E+03	 3.01025E-01
 2.41402E+03	 3.30627E-01
 2.41548E+03	 1.82129E-01
 2.41693E+03	-2.86865E-02
 2.41839E+03	-1.98914E-01
 2.41984E+03	-2.43958E-01
 2.42129E+03	-1.29578E-01
 2.42275E+03	 3.48511E-02
 2.42420E+03	 1.15051E-01
 2.42565E+03	-1.71509E-02
 2.42710E+03	-1.80542E-01
 2.42856E+03	 1.56250E-02
 2.43001E+03	 4.11804E-01
 2.43146E+03	 5.36194E-01
 2.43291E+03	 2.79541E-01
 2.43436E+03	-1.27075E-01
 2.43581E+03	-3.36731E-01
 2.43726E+03	-2.02454E-01
 2.43871E+03	 1.03760E-01
 2.44016E+03	 3.00720E-01
 2.44160E+03	 2.38403E-01
 2.44305E+03	 7.94067E-02
 2.44450E+03	-3.27148E-02
 2.44595E+03	-1.47705E-01
 2.44739E+03	-1.15723E-01
 2.44884E+03	 1.28845E-01
 2.45029E+03	 2.95471E-01
 2.45173E+03	 2.40356E-01
 2.45318E+03	 1.51001E-01
 2.45462E+03	 2.18018E-01
 2.45607E+03	 3.10303E-01
 2.45751E+03	 2.21436E-01
 2.45896E+03	 5.77393E-02
 2.46040E+03	 3.60107E-03
 2.46184E+03	 1.18469E-01
 2.46329E+03	 2.86621E-01
 2.46473E+03	 2.67517E-01
 2.46617E+03	 7.36084E-02
 2.46761E+03	-5.76172E-02
 2.46906E+03	-4.15039E-03
 2.47050E+03	 2.12036E-01
 2.47194E+03	 4.62952E-01
 2.47338E+03	 4.89197E-01
 2.47482E+03	 1.46973E-01
 2.47626E+03	-2.73010E-01
 2.47770E+03	-3.67554E-01
 2.47914E+03	-1.24146E-01
 2.48058E+03	 1.60339E-01
 2.48202E+03	 2.14172E-01
 2.48345E+03	 5.92651E-02
 2.48489E+03	-4.17480E-02
 2.48633E+03	 3.00293E-02
 2.48777E+03	 1.55945E-01
 2.48920E+03	 2.17529E-01
 2.49064E+03	 2.21558E-01
 2.49208E+03	 1.59241E-01
 2.49351E+03	-1.17798E-02
 2.49495E+03	-1.74011E-01
 2.49638E+03	-1.91956E-01
 2.49782E+03	-1.18286E-01
 2.49925E+03	-6.37207E-02
 2.50068E+03	-4.80957E-02
 2.50212E+03	 6.95801E-03
 2.50355E+03	 5.05371E-02
 2.50498E+03	-4.33350E-02
 2.50642E+03	-1.74622E-01
 2.50785E+03	-9.64355E-02
 2.50928E+03	 1.53687E-01
 2.51071E+03	 2.91382E-01
 2.51214E+03	 2.54150E-01
 2.51357E+03	 2.35779E-01
 2.51500E+03	 3.26843E-01
 2.51644E+03	 3.96057E-01
 2.51786E+03	 3.46680E-01
 2.51929E+03	 2.19177E-01
 2.52072E+03	 7.94067E-02
 2.52215E+03	 4.27246E-02
 2.52358E+03	 1.87439E-01
 2.52501E+03	 3.82202E-01
 2.52644E+03	 4.52026E-01
 2.52786E+03	 3.59436E-01
 2.52929E+03	 1.57593E-01
 2.53072E+03	 2.45972E-02
 2.53214E+03	 1.38489E-01
 2.53357E+03	 3.86902E-01
 2.53499E+03	 5.10376E-01
 2.53642E+03	 4.68323E-01
 2.53785E+03	 3.85742E-01
 2.53927E+03	 2.50122E-01
 2.54069E+03	 2.39868E-02
 2.54212E+03	-1.05164E-01
 2.54354E+03	-3.11890E-02
 2.54496E+03	 7.11060E-02
 2.54639E+03	 1.07849E-01
 2.54781E+03	 1.35254E-01
 2.54923E+03	 1.31592E-01
 2.55065E+03	 1.65527E-01
 2.55208E+03	 3.21411E-01
 2.55350E+03	 3.11768E-01
 2.55492E+03	-2.00195E-02
 2.55634E+03	-3.04810E-01
 2.55776E+03	-3.45825E-01
 2.55918E+03	-2.92908E-01
 2.56060E+03	-2.30591E-01
 2.56202E+03	-1.15112E-01
 2.56343E+03	 1.12915E-01
 2.56485E+03	 3.22388E-01
 2.56627E+03	 4.00635E-01
 2.56769E+03	 5.00793E-01
 2.56911E+03	 6.07300E-01
 2.57052E+03	 5.67017E-01
 2.57194E+03	 3.95569E-01
 2.57336E+03	 1.74255E-01
 2.57477E+03	 9.05151E-02
 2.57619E+03	 2.31812E-01
 2.57760E+03	 3.48206E-01
 2.57902E+03	 2.49023E-01
 2.58043E+03	 9.06372E-02
 2.58185E+03	 7.91016E-02
 2.58326E+03	 1.95801E-01
 2.58467E+03	 3.03223E-01
 2.58609E+03	 2.88879E-01
 2.58750E+03	 1.99585E-01
 2.58891E+03	 2.63550E-01
 2.59032E+03	 4.30725E-01
 2.59174E+03	 4.32312E-01
 2.59315E+03	 4.30908E-01
 2.59456E+03	 6.23291E-01
 2.59597E+03	 7.22046E-01
 2.59738E+03	 5.30273E-01
 2.59879E+03	 2.54211E-01
 2.60020E+03	 1.25122E-01
 2.60161E+03	 1.02417E-01
 2.60302E+03	 4.84619E-02
 2.60443E+03	 7.59888E-02
 2.60583E+03	 2.72217E-01
 2.60724E+03	 4.06067E-01
 2.60865E+03	 3.61816E-01
 2.61006E+03	 2.30225E-01
 2.61146E+03	-1.28174E-03
 2.61287E+03	-1.73279E-01
 2.61428E+03	-2.33154E-02
 2.61568E+03	 2.95532E-01
 2.61709E+03	 4.83276E-01
 2.61849E+03	 4.89868E-01
 2.61990E+03	 4.30908E-01
 2.62130E+03	 3.59619E-01
 2.62271E+03	 2.07214E-01
 2.62411E+03	 8.61206E-02
 2.62552E+03	 2.15210E-01
 2.62692E+03	 4.22668E-01
 2.62832E+03	 3.80188E-01
 2.62973E+03	 2.34741E-01
 2.63113E+03	 2.61292E-01
 2.63253E+03	 2.75635E-01
 2.63393E+03	 1.02600E-01
 2.63533E+03	-7.96509E-02
 2.63673E+03	-1.55518E-01
 2.63813E+03	-8.10547E-02
 2.63953E+03	 2.06055E-01
 2.64093E+03	 5.74585E-01
 2.64233E+03	 8.12195E-01
 2.64373E+03	 7.50000E-01
 2.64513E+03	 3.94348E-01
 2.64653E+03	 7.02515E-02
 2.64793E+03	-1.91650E-02
 2.64933E+03	 1.04980E-02
 2.65072E+03	 9.99756E-02
 2.65212E+03	 2.30347E-01
 2.65352E+03	 3.08167E-01
 2.65491E+03	 2.39563E-01
 2.65631E+03	 5.58472E-02
 2.65771E+03	 4.16260E-02
 2.65910E+03	 2.37427E-01
 2.66050E+03	 1.97021E-01
 2.66189E+03	-1.46423E-01
 2.66329E+03	-4.14856E-01
 2.66468E+03	-4.96033E-01
 2.66607E+03	-4.17725E-01
 2.66747E+03	-1.48682E-01
 2.66886E+03	 1.92322E-01
 2.67025E+03	 4.67773E-01
 2.67165E+03	 5.62012E-01
 2.67304E+03	 4.84497E-01
 2.67443E+03	 3.91418E-01
 2.67582E+03	 3.20313E-01
 2.67721E+03	 2.68066E-01
 2.67860E+03	 1.93970E-01
 2.67999E+03	 1.19995E-01
 2.68138E+03	 1.74194E-01
 2.68277E+03	 2.28516E-01
 2.68416E+03	 1.20361E-01
 2.68555E+03	-4.38232E-02
 2.68694E+03	-1.58081E-01
 2.68833E+03	-2.28455E-01
 2.68972E+03	-2.17529E-01
 2.69110E+03	-1.00281E-01
 2.69249E+03	-3.30200E-02
 2.69388E+03	-5.93262E-02
 2.69527E+03	-4.39453E-03
 2.69665E+03	 1.41357E-01
 2.69804E+03	 2.99622E-01
 2.69942E+03	 4.58008E-01
 2.70081E+03	 4.57031E-01
 2.70219E+03	 2.28088E-01
 2.70358E+03	 3.67432E-02
 2.70496E+03	 5.79224E-02
 2.70635E+03	 1.35437E-01
 2.70773E+03	 1.09863E-01
 2.70911E+03	 4.38232E-02
 2.71050E+03	 3.72314E-02
 2.71188E+03	 1.11938E-01
 2.71326E+03	 3.05420E-01
 2.71465E+03	 5.27283E-01
 2.71603E+03	 5.83496E-01
 2.71741E+03	 5.17883E-01
 2.71879E+03	 4.33594E-01
 2.72017E+03	 3.33862E-01
 2.72155E+03	 4.12231E-01
 2.72293E+03	 7.09473E-01
 2.72431E+03	 8.97400E-01
 2.72569E+03	 8.60413E-01
 2.72707E+03	 7.01660E-01
 2.72845E+03	 5.39856E-01
 2.72983E+03	 5.46814E-01
 2.73120E+03	 6.94519E-01
 2.73258E+03	 7.73682E-01
 2.73396E+03	 6.77734E-01
 2.73534E+03	 4.35120E-01
 2.73671E+03	 1.64368E-01
 2.73809E+03	 3.17383E-03
 2.73947E+03	-2.05078E-02
 2.74084E+03	 8.09937E-02
 2.74222E+03	 2.35596E-01
 2.74359E+03	 2.99683E-01
 2.74497E+03	 3.23303E-01
 2.74634E+03	 3.65662E-01
 2.74772E+03	 2.83203E-01
 2.74909E+03	 1.35132E-01
 2.75046E+03	 1.87195E-01
 2.75184E+03	 3.64441E-01
 2.75321E+03	 3.60413E-01
 2.75458E+03	 1.84631E-01
 2.75595E+03	 5.90210E-02
 2.75732E+03	 8.64868E-02
 2.75870E+03	 1.82922E-01
 2.76007E+03	 1.51306E-01
 2.76144E+03	-4.88892E-02
 2.76281E+03	-2.42798E-01
 2.76418E+03	-3.05481E-01
 2.76555E+03	-2.30469E-01
 2.76692E+03	 1.01929E-02
 2.76829E+03	 3.32336E-01
 2.76966E+03	 4.70154E-01
 2.77102E+03	 3.45581E-01
 2.77239E+03	 1.93054E-01
 2.77376E+03	 2.21863E-01
 2.77513E+03	 3.16467E-01
 2.77650E+03	 2.61230E-01
 2.77786E+03	 1.62354E-01
 2.77923E+03	 2.57385E-01
 2.78060E+03	 4.86938E-01
 2.78196E+03	 5.63599E-01
 2.78333E+03	 4.12231E-01
 2.78469E+03	 2.61047E-01
 2.78606E+03	 2.85034E-01
 2.78742E+03	 4.34204E-01
 2.78879E+03	 5.11780E-01
 2.79015E+03	 4.30115E-01
 2.79151E+03	 2.98706E-01
 2.79288E+03	 1.48743E-01
 2.79424E+03	-5.71289E-02
 2.79560E+03	-2.15942E-01
 2.79696E+03	-2.02515E-01
 2.79833E+03	-9.50317E-02
 2.79969E+03	-3.10059E-02
 2.80105E+03	 2.71606E-02
 2.80241E+03	 1.40381E-01
 2.80377E+03	 2.18079E-01
 2.80513E+03	 1.17859E-01
 2.80649E+03	-9.16748E-02
 2.80785E+03	-1.07300E-01
 2.80921E+03	 7.40356E-02
 2.81057E+03	 1.27319E-01
 2.81193E+03	 5.52979E-02
 2.81329E+03	 9.27734E-02
 2.81464E+03	 1.64673E-01
 2.81600E+03	 1.08704E-01
 2.81736E+03	 4.33350E-02
 2.81872E+03	 8.75854E-02
 2.82007E+03	 8.19092E-02
 2.82143E+03	-1.11084E-02
 2.82279E+03	-9.15527E-04
 2.82414E+03	 4.38232E-02
 2.82550E+03	 2.30713E-02
 2.82685E+03	 1.02478E-01
 2.82821E+03	 3.57056E-01
 2.82956E+03	 5.86792E-01
 2.83092E+03	 5.57373E-01
 2.83227E+03	 4.37439E-01
 2.83362E+03	 4.58313E-01
 2.83498E+03	 3.79333E-01
 2.83633E+03	 1.13159E-01
 2.83768E+03	-2.47192E-02
 2.83903E+03	 5.31616E-02
 2.84038E+03	 1.93848E-01
 2.84174E+03	 2.50488E-01
 2.84309E+03	 1.19812E-01
 2.84444E+03	-7.30591E-02
 2.84579E+03	-1.31226E-01
 2.84714E+03	-6.71387E-02
 2.84849E+03	 4.73022E-02
 2.84984E+03	 1.33972E-01
 2.85119E+03	 1.27319E-01
 2.85254E+03	 9.52148E-02
 2.85389E+03	 5.56641E-02
 2.85523E+03	-3.38135E-02
 2.85658E+03	-1.35681E-01
 2.85793E+03	-1.71814E-01
 2.85928E+03	-7.34863E-02
 2.86062E+03	 7.48901E-02
 2.86197E+03	 1.70288E-01
 2.86332E+03	 3.68896E-01
 2.86466E+03	 5.76904E-01
 2.86601E+03	 4.16260E-01
 2.86735E+03	 9.94873E-02
 2.86870E+03	 1.76575E-01
 2.87004E+03	 5.35034E-01
 2.87139E+03	 6.15417E-01
 2.87273E+03	 3.42712E-01
 2.87408E+03	 1.29517E-01
 2.87542E+03	 1.78955E-01
 2.87676E+03	 3.22266E-01
 2.87811E+03	 3.59375E-01
 2.87945E+03	 2.99744E-01
 2.88079E+03	 2.99622E-01
 2.88213E+03	 3.21533E-01
 2.88347E+03	 2.02881E-01
 2.88482E+03	 1.15540E-01
 2.88616E+03	 1.59607E-01
 2.88750E+03	 3.84521E-03
 2.88884E+03	-3.01880E-01
 2.89018E+03	-3.44910E-01
 2.89152E+03	-1.87805E-01
 2.89286E+03	-4.92554E-02
 2.89420E+03	 1.36169E-01
 2.89553E+03	 3.75061E-01
 2.89687E+03	 4.60815E-01
 2.89821E+03	 2.71790E-01
 2.89955E+03	-1.39160E-02
 2.90089E+03	-1.65100E-01
 2.90222E+03	-9.73511E-02
 2.90356E+03	 9.55811E-02
 2.90490E+03	 1.32507E-01
 2.90623E+03	 5.70679E-02
 2.90757E+03	 1.90918E-01
 2.90890E+03	 3.87390E-01
 2.91024E+03	 3.46619E-01
 2.91157E+03	 1.87317E-01
 2.91291E+03	 1.22070E-01
 2.91424E+03	 7.57446E-02
 2.91558E+03	-1.04614E-01
 2.91691E+03	-2.72156E-01
 2.91824E+03	-2.23694E-01
 2.91958E+03	-7.48901E-02
 2.92091E+03	-1.01318E-02
 2.92224E+03	-5.31006E-03
 2.92357E+03	 1.46484E-02
 2.92491E+03	 3.56445E-02
 2.92624E+03	 6.91528E-02
 2.92757E+03	 1.15234E-01
 2.92890E+03	 1.17676E-01
 2.93023E+03	 1.07727E-01
 2.93156E+03	 1.00952E-01
 2.93289E+03	 4.11377E-02
 2.93422E+03	-1.86157E-02
 2.93555E+03	-4.07715E-02
 2.93688E+03	-3.78418E-02
 2.93820E+03	 5.26733E-02
 2.93953E+03	 1.77612E-01
 2.94086E+03	 1.87012E-01
 2.94219E+03	 6.84204E-02
 2.94352E+03	-4.38843E-02
 2.94484E+03	-1.85547E-02
 2.94617E+03	 3.49121E-02
 2.94750E+03	-1.46484E-02
 2.94882E+03	-4.82178E-03
 2.95015E+03	 1.05164E-01
 2.95147E+03	 8.70972E-02
 2.95280E+03	-4.64478E-02
 2.95412E+03	-4.24805E-02
 2.95545E+03	 1.20911E-01
 2.95677E+03	 2.64465E-01
 2.95810E+03	 2.45605E-01
 2.95942E+03	 2.97852E-02
 2.96074E+03	-1.67236E-01
 2.96206E+03	-9.86938E-02
 2.96339E+03	 1.82373E-01
 2.96471E+03	 4.88464E-01
 2.96603E+03	 6.53931E-01
 2.96735E+03	 6.13098E-01
 2.96867E+03	 5.09827E-01
 2.97000E+03	 4.53369E-01
 2.97132E+03	 4.12659E-01
 2.97264E+03	 3.87451E-01
 2.97396E+03	 2.74719E-01
 2.97528E+03	 4.33350E-02
 2.97660E+03	-5.37109E-02
 2.97791E+03	 1.79443E-02
 2.97923E+03	-9.15527E-04
 2.98055E+03	-2.10510E-01
 2.98187E+03	-4.66858E-01
 2.98319E+03	-3.88916E-01
 2.98451E+03	 1.07648E+00
 2.98582E+03	 5.85449E+00
 2.98714E+03	 1.25074E+01
 2.98846E+03	 1.38697E+01
 2.98977E+03	 7.97583E+00
 2.99109E+03	 2.24438E+00
 2.99240E+03	 4.56665E-01
 2.99372E+03	 1.78406E-01
 2.99503E+03	 1.78223E-01
 2.99635E+03	 3.90625E-01
 2.99766E+03	 4.37256E-01
 2.99898E+03	 2.87109E-01
 3.00029E+03	 1.02600E-01
 3.00160E+03	-1.32446E-02
 3.00292E+03	-6.34155E-02
 3.00423E+03	-1.32324E-01
 3.00554E+03	-2.26257E-01
 3.00686E+03	-1.51428E-01
 3.00817E+03	 1.60889E-01
 3.00948E+03	 3.85315E-01
 3.01079E+03	 3.28674E-01
 3.01210E+03	 2.25403E-01
 3.01341E+03	 2.66113E-01
 3.01472E+03	 4.16443E-01
 3.01603E+03	 5.98267E-01
 3.01734E+03	 7.14722E-01
 3.01865E+03	 6.22192E-01
 3.01996E+03	 3.17505E-01
 3.02127E+03	 6.32324E-02
 3.02258E+03	 1.09253E-01
 3.02389E+03	 3.46436E-01
 3.02519E+03	 4.21570E-01
 3.02650E+03	 2.53479E-01
 3.02781E+03	 5.48706E-02
 3.02912E+03	-7.42798E-02
 3.03042E+03	-7.44629E-02
 3.03173E+03	 8.89893E-02
 3.03303E+03	 2.22534E-01
 3.03434E+03	 1.45325E-01
 3.03565E+03	-3.26538E-02
 3.03695E+03	-1.06995E-01
 3.03826E+03	-1.08704E-01
 3.03956E+03	-1.34766E-01
 3.04086E+03	-8.48999E-02
 3.04217E+03	-9.09424E-03
 3.04347E+03	 1.88599E-02
 3.04478E+03	 1.26038E-01
 3.04608E+03	 2.72583E-01
 3.04738E+03	 2.94067E-01
 3.04868E+03	 1.52283E-01
 3.04999E+03	-5.79224E-02
 3.05129E+03	-2.25098E-01
 3.05259E+03	-2.20154E-01
 3.05389E+03	-4.58984E-02
 3.05519E+03	 3.72314E-03
 3.05649E+03	-1.46118E-01
 3.05779E+03	-1.80237E-01
 3.05909E+03	 2.48413E-02
 3.06039E+03	 2.64465E-01
 3.06169E+03	 2.76184E-01
 3.06299E+03	 1.06812E-01
 3.06429E+03	 3.77197E-02
 3.06559E+03	 8.44116E-02
 3.06688E+03	 1.00098E-01
 3.06818E+03	 1.60522E-02
 3.06948E+03	-1.15356E-01
 3.07078E+03	-7.14722E-02
 3.07207E+03	 1.53809E-01
 3.07337E+03	 3.04443E-01
 3.07467E+03	 2.67822E-01
 3.07596E+03	 5.02930E-02
 3.07726E+03	-2.54395E-01
 3.07855E+03	-3.62244E-01
 3.07985E+03	-1.51978E-01
 3.08114E+03	 7.73926E-02
 3.08244E+03	 8.52051E-02
 3.08373E+03	 1.51978E-02
 3.08502E+03	 1.12305E-02
 3.08632E+03	 8.55713E-02
 3.08761E+03	 2.26868E-01
 3.08890E+03	 2.74536E-01
 3.09020E+03	 1.50391E-01
 3.09149E+03	-4.55322E-02
 3.09278E+03	-2.35229E-01
 3.09407E+03	-2.68494E-01
 3.09536E+03	-1.20422E-01
 3.09665E+03	 7.14722E-02
 3.09794E+03	 2.56958E-01
 3.09923E+03	 3.04993E-01
 3.10052E+03	 1.06018E-01
 3.10181E+03	-1.05469E-01
 3.10310E+03	-7.62329E-02
 3.10439E+03	 6.55518E-02
 3.10568E+03	 7.30591E-02
 3.10697E+03	-2.86865E-02
 3.10826E+03	-2.41699E-02
 3.10955E+03	 1.46118E-01
 3.11083E+03	 3.25867E-01
 3.11212E+03	 4.46350E-01
 3.11341E+03	 5.16846E-01
 3.11470E+03	 3.84399E-01
 3.11598E+03	 7.07397E-02
 3.11727E+03	-3.97339E-02
 3.11855E+03	 1.09253E-01
 3.11984E+03	 1.58386E-01
 3.12113E+03	 1.04553E-01
 3.12241E+03	 9.75952E-02
 3.12369E+03	-3.10669E-02
 3.12498E+03	-2.06543E-01
 3.12626E+03	-1.38123E-01
 3.12755E+03	 4.90723E-02
 3.12883E+03	 1.06873E-01
 3.13011E+03	 6.06079E-02
