 6.16471E+02	 1.08203E+00
 6.18389E+02	 2.98340E-01
 6.20306E+02	-5.46875E-02
 6.22223E+02	-1.55212E-01
 6.24140E+02	-8.89893E-01
 6.26055E+02	-2.55194E+00
 6.27971E+02	-4.21765E+00
 6.29885E+02	-4.82239E+00
 6.31799E+02	-4.38330E+00
 6.33713E+02	-2.12140E+00
 6.35626E+02	 2.43146E+00
 6.37539E+02	 9.42688E+00
 6.39451E+02	 1.91403E+01
 6.41363E+02	 2.93240E+01
 6.43274E+02	 3.43139E+01
 6.45185E+02	 3.09068E+01
 6.47095E+02	 2.22815E+01
 6.49004E+02	 1.37049E+01
 6.50913E+02	 7.84448E+00
 6.52822E+02	 5.30536E+00
 6.54730E+02	 5.70837E+00
 6.56637E+02	 6.85608E+00
 6.58544E+02	 6.57587E+00
 6.60451E+02	 5.64526E+00
 6.62357E+02	 5.81714E+00
 6.64262E+02	 7.23157E+00
 6.66167E+02	 9.24133E+00
 6.68072E+02	 1.12524E+01
 6.69976E+02	 1.30614E+01
 6.71879E+02	 1.48588E+01
 6.73782E+02	 1.75724E+01
 6.75684E+02	 2.55849E+01
 6.77586E+02	 4.86099E+01
 6.79488E+02	 9.88755E+01
 6.81388E+02	 1.78604E+02
 6.83289E+02	 2.63663E+02
 6.85189E+02	 3.08529E+02
 6.87088E+02	 2.85085E+02
 6.88987E+02	 2.13235E+02
 6.90885E+02	 1.38229E+02
 6.92783E+02	 8.70692E+01
 6.94680E+02	 5.99974E+01
 6.96577E+02	 4.82224E+01
 6.98473E+02	 4.52911E+01
 7.00369E+02	 4.83505E+01
 7.02264E+02	 5.68005E+01
 7.04159E+02	 7.06943E+01
 7.06053E+02	 8.61317E+01
 7.07947E+02	 9.30317E+01
 7.09840E+02	 8.38818E+01
 7.11733E+02	 6.28380E+01
 7.13625E+02	 4.15068E+01
 7.15516E+02	 2.79443E+01
 7.17408E+02	 2.20880E+01
 7.19298E+02	 1.99724E+01
 7.21188E+02	 1.94286E+01
 7.23078E+02	 1.99786E+01
 7.24967E+02	 2.01974E+01
 7.26856E+02	 1.99599E+01
 7.28744E+02	 2.31474E+01
 7.30631E+02	 3.36442E+01
 7.32518E+02	 5.00786E+01
 7.34405E+02	 6.84318E+01
 7.36291E+02	 8.92036E+01
 7.38177E+02	 1.15157E+02
 7.40062E+02	 1.38029E+02
 7.41946E+02	 1.38035E+02
 7.43830E+02	 1.08091E+02
 7.45714E+02	 6.73068E+01
 7.47597E+02	 3.86411E+01
 7.49480E+02	 2.64255E+01
 7.51362E+02	 2.29911E+01
 7.53243E+02	 2.23068E+01
 7.55124E+02	 2.10880E+01
 7.57005E+02	 1.75317E+01
 7.58885E+02	 1.31755E+01
 7.60764E+02	 1.09224E+01
 7.62643E+02	 1.12817E+01
 7.64522E+02	 1.32286E+01
 7.66400E+02	 1.72286E+01
 7.68277E+02	 2.56693E+01
 7.70154E+02	 4.19505E+01
 7.72031E+02	 6.94692E+01
 7.73907E+02	 1.07238E+02
 7.75782E+02	 1.42232E+02
 7.77657E+02	 1.52022E+02
 7.79532E+02	 1.26382E+02
 7.81406E+02	 8.19943E+01
 7.83279E+02	 4.54474E+01
 7.85152E+02	 2.75193E+01
 7.87025E+02	 2.16755E+01
 7.88897E+02	 1.92286E+01
 7.90768E+02	 1.72005E+01
 7.92639E+02	 1.55099E+01
 7.94509E+02	 1.34318E+01
 7.96379E+02	 1.08068E+01
 7.98249E+02	 9.49426E+00
 8.00118E+02	 1.16380E+01
 8.01986E+02	 1.86193E+01
 8.03854E+02	 3.18755E+01
 8.05722E+02	 5.15849E+01
 8.07589E+02	 7.27349E+01
 8.09455E+02	 8.61661E+01
 8.11321E+02	 8.71724E+01
 8.13187E+02	 8.10942E+01
 8.15052E+02	 7.74443E+01
 8.16916E+02	 7.85411E+01
 8.18780E+02	 7.76818E+01
 8.20644E+02	 6.99349E+01
 8.22507E+02	 5.77536E+01
 8.24369E+02	 4.46505E+01
 8.26231E+02	 3.20599E+01
 8.28092E+02	 2.21849E+01
 8.29953E+02	 1.71036E+01
 8.31814E+02	 1.57849E+01
 8.33674E+02	 1.53849E+01
 8.35533E+02	 1.46286E+01
 8.37392E+02	 1.41818E+01
 8.39251E+02	 1.46755E+01
 8.41109E+02	 1.54598E+01
 8.42966E+02	 1.49349E+01
 8.44824E+02	 1.22568E+01
 8.46680E+02	 8.80048E+00
 8.48536E+02	 6.56610E+00
 8.50392E+02	 5.65985E+00
 8.52247E+02	 4.95673E+00
 8.54101E+02	 3.80988E+00
 8.55955E+02	 2.58801E+00
 8.57809E+02	 2.11926E+00
 8.59662E+02	 2.20673E+00
 8.61514E+02	 1.77551E+00
 8.63366E+02	 6.47339E-01
 8.65218E+02	-5.15137E-01
 8.67069E+02	-1.15057E+00
 8.68920E+02	-8.32336E-01
 8.70770E+02	 6.02417E-01
 8.72619E+02	 2.22882E+00
 8.74468E+02	 3.28156E+00
 8.76317E+02	 3.89209E+00
 8.78165E+02	 3.86090E+00
 8.80013E+02	 3.00085E+00
 8.81860E+02	 2.42169E+00
 8.83707E+02	 2.68964E+00
 8.85553E+02	 2.71790E+00
 8.87398E+02	 1.81323E+00
 8.89244E+02	 4.39270E-01
 8.91088E+02	-3.37280E-01
 8.92932E+02	-3.69873E-02
 8.94776E+02	 2.91992E-01
 8.96619E+02	-2.85339E-01
 8.98462E+02	-1.39410E+00
 9.00304E+02	-2.34521E+00
 9.02146E+02	-2.64301E+00
 9.03987E+02	-1.84338E+00
 9.05828E+02	-3.63953E-01
 9.07668E+02	 7.70752E-01
 9.09508E+02	 1.44196E+00
 9.11347E+02	 1.60992E+00
 9.13186E+02	 7.59094E-01
 9.15024E+02	-3.06885E-01
 9.16862E+02	-7.09839E-02
 9.18700E+02	 1.32648E+00
 9.20536E+02	 2.49725E+00
 9.22373E+02	 3.06750E+00
 9.24209E+02	 3.52686E+00
 9.26044E+02	 3.67145E+00
 9.27879E+02	 3.49426E+00
 9.29713E+02	 3.70441E+00
 9.31547E+02	 3.96680E+00
 9.33381E+02	 3.91870E+00
 9.35214E+02	 4.92224E+00
 9.37046E+02	 7.60211E+00
 9.38878E+02	 1.03580E+01
 9.40709E+02	 1.18054E+01
 9.42540E+02	 1.18002E+01
 9.44371E+02	 1.05798E+01
 9.46201E+02	 9.01276E+00
 9.48030E+02	 8.22406E+00
 9.49860E+02	 8.27490E+00
 9.51688E+02	 8.91638E+00
 9.53516E+02	 1.09985E+01
 9.55344E+02	 1.48462E+01
 9.57171E+02	 1.96220E+01
 9.58997E+02	 2.45385E+01
 9.60824E+02	 2.83394E+01
 9.62649E+02	 2.94620E+01
 9.64474E+02	 2.78410E+01
 9.66299E+02	 2.51794E+01
 9.68123E+02	 2.45896E+01
 9.69947E+02	 2.97530E+01
 9.71770E+02	 4.17444E+01
 9.73593E+02	 5.75234E+01
 9.75415E+02	 7.41367E+01
 9.77237E+02	 9.18094E+01
 9.79058E+02	 1.08267E+02
 9.80879E+02	 1.13008E+02
 9.82699E+02	 9.58495E+01
 9.84519E+02	 6.21035E+01
 9.86339E+02	 3.02543E+01
 9.88158E+02	 1.24208E+01
 9.89976E+02	 5.71857E+00
 9.91794E+02	 2.81311E+00
 9.93611E+02	 1.24524E+00
 9.95428E+02	 1.41797E+00
 9.97245E+02	 2.60315E+00
 9.99061E+02	 3.47589E+00
 1.00088E+03	 3.75177E+00
 1.00269E+03	 3.96198E+00
 1.00451E+03	 4.52222E+00
 1.00632E+03	 4.99182E+00
 1.00813E+03	 4.52704E+00
 1.00995E+03	 2.96222E+00
 1.01176E+03	 7.63062E-01
 1.01357E+03	-1.07043E+00
 1.01538E+03	-1.27582E+00
 1.01719E+03	 2.25037E-01
 1.01901E+03	 1.89606E+00
 1.02082E+03	 2.33405E+00
 1.02263E+03	 1.71729E+00
 1.02443E+03	 6.83228E-01
 1.02624E+03	-3.83850E-01
 1.02805E+03	-1.05896E+00
 1.02986E+03	-1.15442E+00
 1.03167E+03	-2.04834E-01
 1.03347E+03	 2.16809E+00
 1.03528E+03	 4.99548E+00
 1.03709E+03	 6.90564E+00
 1.03889E+03	 7.18896E+00
 1.04070E+03	 6.24243E+00
 1.04250E+03	 5.06915E+00
 1.04430E+03	 3.74115E+00
 1.04611E+03	 1.95508E+00
 1.04791E+03	 1.79810E-01
 1.04971E+03	-8.03467E-01
 1.05152E+03	-1.08521E+00
 1.05332E+03	-1.65625E+00
 1.05512E+03	-2.50391E+00
 1.05692E+03	-2.28143E+00
 1.05872E+03	-5.16846E-01
 1.06052E+03	 1.42865E+00
 1.06232E+03	 2.30646E+00
 1.06412E+03	 1.87067E+00
 1.06592E+03	 7.72339E-01
 1.06771E+03	-6.34155E-02
 1.06951E+03	 1.63330E-01
 1.07131E+03	 1.90253E+00
 1.07310E+03	 4.31049E+00
 1.07490E+03	 6.13721E+00
 1.07670E+03	 8.77954E+00
 1.07849E+03	 1.69250E+01
 1.08029E+03	 3.58860E+01
 1.08208E+03	 6.53972E+01
 1.08387E+03	 9.21301E+01
 1.08567E+03	 9.67913E+01
 1.08746E+03	 7.59680E+01
 1.08925E+03	 4.64322E+01
 1.09104E+03	 2.47996E+01
 1.09283E+03	 1.42700E+01
 1.09462E+03	 1.05405E+01
 1.09642E+03	 9.96405E+00
 1.09820E+03	 1.02595E+01
 1.09999E+03	 9.64880E+00
 1.10178E+03	 7.94110E+00
 1.10357E+03	 6.31470E+00
 1.10536E+03	 5.48517E+00
 1.10715E+03	 4.83691E+00
 1.10893E+03	 3.12610E+00
 1.11072E+03	 8.15308E-01
 1.11251E+03	 2.12402E-02
 1.11429E+03	 4.88159E-01
 1.11608E+03	 4.26880E-01
 1.11786E+03	-1.72729E-02
 1.11965E+03	-2.31628E-01
 1.12143E+03	-5.06775E-01
 1.12321E+03	-1.21295E+00
 1.12500E+03	-1.80872E+00
 1.12678E+03	-1.62488E+00
 1.12856E+03	-9.12720E-01
 1.13034E+03	-7.60254E-01
 1.13212E+03	-5.67322E-01
 1.13390E+03	 5.88745E-01
 1.13568E+03	 1.23193E+00
 1.13746E+03	-2.26990E-01
 1.13924E+03	-2.50195E+00
 1.14102E+03	-2.84680E+00
 1.14280E+03	-6.34338E-01
 1.14457E+03	 1.90247E+00
 1.14635E+03	 2.22424E+00
 1.14813E+03	 2.74292E-01
 1.14990E+03	-1.58026E+00
 1.15168E+03	-1.57477E+00
 1.15346E+03	 4.07104E-02
 1.15523E+03	 2.05487E+00
 1.15700E+03	 2.68561E+00
 1.15878E+03	 2.21655E+00
 1.16055E+03	 2.01508E+00
 1.16233E+03	 3.98157E+00
 1.16410E+03	 9.50903E+00
 1.16587E+03	 1.80396E+01
 1.16764E+03	 2.72324E+01
 1.16941E+03	 3.36696E+01
 1.17118E+03	 3.39212E+01
 1.17295E+03	 2.74389E+01
 1.17472E+03	 1.74529E+01
 1.17649E+03	 8.41846E+00
 1.17826E+03	 3.08795E+00
 1.18003E+03	 1.58276E+00
 1.18180E+03	 2.93799E+00
 1.18356E+03	 6.20258E+00
 1.18533E+03	 1.13891E+01
 1.18710E+03	 1.84693E+01
 1.18886E+03	 2.48401E+01
 1.19063E+03	 2.74985E+01
 1.19239E+03	 2.72975E+01
 1.19416E+03	 2.73403E+01
 1.19592E+03	 2.98080E+01
 1.19769E+03	 3.63226E+01
 1.19945E+03	 4.74779E+01
 1.20121E+03	 6.11425E+01
 1.20297E+03	 7.50571E+01
 1.20474E+03	 9.12717E+01
 1.20650E+03	 1.16302E+02
 1.20826E+03	 1.60073E+02
 1.21002E+03	 2.33787E+02
 1.21178E+03	 3.38290E+02
 1.21354E+03	 4.47764E+02
 1.21530E+03	 5.11781E+02
 1.21706E+03	 4.90780E+02
 1.21881E+03	 3.97048E+02
 1.22057E+03	 2.85244E+02
 1.22233E+03	 1.98649E+02
 1.22409E+03	 1.42279E+02
 1.22584E+03	 1.02110E+02
 1.22760E+03	 6.88242E+01
 1.22935E+03	 4.26044E+01
 1.23111E+03	 2.55503E+01
 1.23286E+03	 1.61118E+01
 1.23462E+03	 1.08546E+01
 1.23637E+03	 7.59106E+00
 1.23812E+03	 5.48383E+00
 1.23988E+03	 3.84528E+00
 1.24163E+03	 1.82550E+00
 1.24338E+03	-6.19263E-01
 1.24513E+03	-2.24524E+00
 1.24688E+03	-2.19000E+00
 1.24863E+03	-9.91028E-01
 1.25038E+03	 2.24609E-01
 1.25213E+03	 7.22900E-01
 1.25388E+03	 1.30713E+00
 1.25563E+03	 3.19293E+00
 1.25738E+03	 5.83643E+00
 1.25912E+03	 7.64392E+00
 1.26087E+03	 8.00916E+00
 1.26262E+03	 7.61017E+00
 1.26436E+03	 8.03137E+00
 1.26611E+03	 1.05073E+01
 1.26786E+03	 1.43876E+01
 1.26960E+03	 1.84850E+01
 1.27134E+03	 2.29339E+01
 1.27309E+03	 2.91279E+01
 1.27483E+03	 4.02452E+01
 1.27658E+03	 6.05889E+01
 1.27832E+03	 9.21817E+01
 1.28006E+03	 1.31737E+02
 1.28180E+03	 1.69420E+02
 1.28354E+03	 1.92560E+02
 1.28528E+03	 1.95172E+02
 1.28702E+03	 1.82971E+02
 1.28876E+03	 1.68873E+02
 1.29050E+03	 1.63194E+02
 1.29224E+03	 1.66252E+02
 1.29398E+03	 1.69151E+02
 1.29572E+03	 1.61325E+02
 1.29746E+03	 1.39743E+02
 1.29919E+03	 1.11664E+02
 1.30093E+03	 8.74190E+01
 1.30267E+03	 7.18806E+01
 1.30440E+03	 6.39671E+01
 1.30614E+03	 6.06505E+01
 1.30787E+03	 5.79901E+01
 1.30961E+03	 5.24798E+01
 1.31134E+03	 4.46538E+01
 1.31307E+03	 3.85997E+01
 1.31481E+03	 3.79238E+01
 1.31654E+03	 4.29853E+01
 1.31827E+03	 5.00875E+01
 1.32000E+03	 5.41552E+01
 1.32173E+03	 5.34448E+01
 1.32347E+03	 5.05751E+01
 1.32520E+03	 5.03336E+01
 1.32693E+03	 5.67825E+01
 1.32866E+03	 7.00441E+01
 1.33038E+03	 8.66994E+01
 1.33211E+03	 1.04242E+02
 1.33384E+03	 1.24079E+02
 1.33557E+03	 1.49478E+02
 1.33730E+03	 1.79820E+02
 1.33902E+03	 2.06501E+02
 1.34075E+03	 2.15350E+02
 1.34247E+03	 1.98221E+02
 1.34420E+03	 1.63726E+02
 1.34592E+03	 1.28706E+02
 1.34765E+03	 1.00880E+02
 1.34937E+03	 7.82168E+01
 1.35110E+03	 5.89377E+01
 1.35282E+03	 4.40430E+01
 1.35454E+03	 3.43358E+01
 1.35627E+03	 2.97442E+01
 1.35799E+03	 3.00557E+01
 1.35971E+03	 3.42203E+01
 1.36143E+03	 3.86413E+01
 1.36315E+03	 3.88528E+01
 1.36487E+03	 3.47862E+01
 1.36659E+03	 3.02164E+01
 1.36831E+03	 2.68717E+01
 1.37003E+03	 2.35520E+01
 1.37175E+03	 1.92698E+01
 1.37346E+03	 1.46469E+01
 1.37518E+03	 1.09366E+01
 1.37690E+03	 8.46112E+00
 1.37861E+03	 6.62085E+00
 1.38033E+03	 5.40350E+00
 1.38205E+03	 5.67499E+00
 1.38376E+03	 8.79810E+00
 1.38548E+03	 1.59856E+01
 1.38719E+03	 2.73943E+01
 1.38890E+03	 4.06370E+01
 1.39062E+03	 5.02769E+01
 1.39233E+03	 5.20582E+01
 1.39404E+03	 4.81348E+01
 1.39575E+03	 4.41484E+01
 1.39747E+03	 4.16342E+01
 1.39918E+03	 3.74252E+01
 1.40089E+03	 2.95698E+01
 1.40260E+03	 2.00424E+01
 1.40431E+03	 1.14713E+01
 1.40602E+03	 4.61719E+00
 1.40773E+03	 9.33838E-03
 1.40943E+03	-1.95917E+00
 1.41114E+03	-2.71802E+00
 1.41285E+03	-3.72894E+00
 1.41456E+03	-4.12885E+00
 1.41626E+03	-4.34766E+00
 1.41797E+03	-4.26074E+00
 1.41968E+03	-3.68158E+00
 1.42138E+03	-2.70386E+00
 1.42309E+03	-8.55713E-01
 1.42479E+03	 2.10040E+00
 1.42649E+03	 6.11438E+00
 1.42820E+03	 1.03455E+01
 1.42990E+03	 1.38216E+01
 1.43160E+03	 1.68351E+01
 1.43331E+03	 2.06175E+01
 1.43501E+03	 2.69092E+01
 1.43671E+03	 3.73790E+01
 1.43841E+03	 5.16176E+01
 1.44011E+03	 6.75688E+01
 1.44181E+03	 8.52261E+01
 1.44351E+03	 1.07874E+02
 1.44521E+03	 1.35131E+02
 1.44691E+03	 1.54689E+02
 1.44861E+03	 1.50377E+02
 1.45031E+03	 1.20591E+02
 1.45200E+03	 8.09451E+01
 1.45370E+03	 4.92712E+01
 1.45540E+03	 3.27755E+01
 1.45709E+03	 2.81422E+01
 1.45879E+03	 2.90870E+01
 1.46048E+03	 3.11600E+01
 1.46218E+03	 3.16861E+01
 1.46387E+03	 2.98497E+01
 1.46557E+03	 2.68726E+01
 1.46726E+03	 2.34550E+01
 1.46895E+03	 1.92186E+01
 1.47065E+03	 1.46946E+01
 1.47234E+03	 1.07582E+01
 1.47403E+03	 7.47217E+00
 1.47572E+03	 4.51880E+00
 1.47741E+03	 2.43542E+00
 1.47910E+03	 2.38336E+00
 1.48079E+03	 4.28436E+00
 1.48248E+03	 5.98230E+00
 1.48417E+03	 5.71771E+00
 1.48586E+03	 4.41248E+00
 1.48755E+03	 3.48853E+00
 1.48924E+03	 2.42084E+00
 1.49092E+03	 1.03436E+00
 1.49261E+03	 8.07312E-01
 1.49430E+03	 2.57709E+00
 1.49598E+03	 5.91876E+00
 1.49767E+03	 1.04729E+01
 1.49935E+03	 1.61927E+01
 1.50104E+03	 2.32875E+01
 1.50272E+03	 3.20791E+01
 1.50441E+03	 4.15208E+01
 1.50609E+03	 4.87999E+01
 1.50777E+03	 5.08010E+01
 1.50946E+03	 4.59333E+01
 1.51114E+03	 3.65656E+01
 1.51282E+03	 2.87229E+01
 1.51450E+03	 2.66739E+01
 1.51618E+03	 2.95968E+01
 1.51786E+03	 3.55760E+01
 1.51954E+03	 4.41520E+01
 1.52122E+03	 5.33593E+01
 1.52290E+03	 6.05603E+01
 1.52458E+03	 6.57457E+01
 1.52626E+03	 7.14843E+01
 1.52794E+03	 8.25291E+01
 1.52961E+03	 1.04699E+02
 1.53129E+03	 1.43334E+02
 1.53297E+03	 2.04542E+02
 1.53464E+03	 2.94105E+02
 1.53632E+03	 4.04437E+02
 1.53799E+03	 5.01798E+02
 1.53967E+03	 5.42471E+02
 1.54134E+03	 5.08053E+02
 1.54302E+03	 4.18113E+02
 1.54469E+03	 3.11243E+02
 1.54636E+03	 2.20456E+02
 1.54804E+03	 1.59904E+02
 1.54971E+03	 1.25108E+02
 1.55138E+03	 1.04937E+02
 1.55305E+03	 9.21572E+01
 1.55472E+03	 8.37738E+01
 1.55639E+03	 7.86498E+01
 1.55806E+03	 7.54883E+01
 1.55973E+03	 7.15675E+01
 1.56140E+03	 6.57029E+01
 1.56307E+03	 5.92165E+01
 1.56474E+03	 5.22456E+01
 1.56641E+03	 4.41498E+01
 1.56808E+03	 3.59571E+01
 1.56974E+03	 2.90206E+01
 1.57141E+03	 2.40404E+01
 1.57308E+03	 2.06263E+01
 1.57474E+03	 1.72548E+01
 1.57641E+03	 1.25463E+01
 1.57807E+03	 6.95953E+00
 1.57974E+03	 2.33838E+00
 1.58140E+03	-5.32227E-02
 1.58306E+03	-2.29858E-01
 1.58473E+03	 8.51685E-01
 1.58639E+03	 1.54291E+00
 1.58805E+03	 1.06940E+00
 1.58972E+03	 7.22595E-01
 1.59138E+03	 1.07452E+00
 1.59304E+03	 1.54974E+00
 1.59470E+03	 1.28412E+00
 1.59636E+03	 1.77856E-01
 1.59802E+03	-1.35791E+00
 1.59968E+03	-2.80865E+00
 1.60134E+03	-3.36896E+00
 1.60300E+03	-2.64618E+00
 1.60465E+03	-1.16150E+00
 1.60631E+03	 2.94739E-01
 1.60797E+03	 9.33105E-01
 1.60963E+03	 4.91028E-01
 1.61128E+03	-1.61011E-01
 1.61294E+03	-2.18872E-01
 1.61459E+03	 3.87634E-01
 1.61625E+03	 1.42297E+00
 1.61790E+03	 2.08612E+00
 1.61956E+03	 1.61804E+00
 1.62121E+03	 5.54626E-01
 1.62287E+03	-2.59460E-01
 1.62452E+03	-8.74756E-01
 1.62617E+03	-1.20862E+00
 1.62782E+03	-5.57129E-01
 1.62948E+03	 9.55017E-01
 1.63113E+03	 1.96417E+00
 1.63278E+03	 1.33099E+00
 1.63443E+03	-6.23718E-01
 1.63608E+03	-2.33270E+00
 1.63773E+03	-2.58813E+00
 1.63938E+03	-1.53119E+00
 1.64103E+03	-4.29688E-02
 1.64267E+03	 1.10925E+00
 1.64432E+03	 1.55963E+00
 1.64597E+03	 1.60773E+00
 1.64762E+03	 1.43378E+00
 1.64926E+03	 8.66516E-01
 1.65091E+03	 2.60559E-01
 1.65256E+03	-1.29089E-01
 1.65420E+03	-5.78430E-01
 1.65585E+03	-6.52771E-01
 1.65749E+03	 1.03271E-01
 1.65914E+03	 1.12738E+00
 1.66078E+03	 1.51324E+00
 1.66242E+03	 8.25439E-01
 1.66407E+03	-1.73035E-01
 1.66571E+03	-4.97803E-01
 1.66735E+03	-3.41003E-01
 1.66899E+03	-4.51660E-02
 1.67063E+03	 2.52869E-01
 1.67227E+03	 3.34595E-01
 1.67391E+03	 1.27686E-01
 1.67555E+03	-7.63916E-01
 1.67719E+03	-1.93036E+00
 1.67883E+03	-1.92700E+00
 1.68047E+03	-4.20471E-01
 1.68211E+03	 1.14612E+00
 1.68375E+03	 1.41241E+00
 1.68539E+03	 7.57263E-01
 1.68702E+03	 3.32947E-01
 1.68866E+03	 4.60144E-01
 1.69030E+03	 7.67883E-01
 1.69193E+03	 8.27576E-01
 1.69357E+03	 6.09375E-01
 1.69520E+03	 4.95667E-01
 1.69684E+03	 6.07422E-01
 1.69847E+03	 5.88989E-01
 1.70010E+03	-7.29370E-02
 1.70174E+03	-1.36066E+00
 1.70337E+03	-2.06946E+00
 1.70500E+03	-1.68628E+00
 1.70663E+03	-4.60388E-01
 1.70827E+03	 6.84875E-01
 1.70990E+03	 7.12524E-01
 1.71153E+03	 1.17126E-01
 1.71316E+03	 1.49536E-02
 1.71479E+03	 4.23645E-01
 1.71642E+03	 7.44446E-01
 1.71805E+03	 5.59265E-01
 1.71968E+03	-2.03125E-01
 1.72130E+03	-8.35876E-01
 1.72293E+03	-5.26978E-01
 1.72456E+03	 3.12134E-01
 1.72619E+03	 6.35071E-01
 1.72781E+03	 6.27197E-01
 1.72944E+03	 8.10425E-01
 1.73107E+03	 5.28137E-01
 1.73269E+03	-3.45825E-01
 1.73432E+03	-1.05188E+00
 1.73594E+03	-1.27136E+00
 1.73757E+03	-9.29199E-01
 1.73919E+03	 1.99768E-01
 1.74081E+03	 1.73425E+00
 1.74244E+03	 2.55884E+00
 1.74406E+03	 2.18604E+00
 1.74568E+03	 1.62457E+00
 1.74730E+03	 1.90179E+00
 1.74892E+03	 2.85046E+00
 1.75054E+03	 3.55194E+00
 1.75216E+03	 3.51263E+00
 1.75378E+03	 3.26080E+00
 1.75540E+03	 3.24030E+00
 1.75702E+03	 3.41998E+00
 1.75864E+03	 3.75018E+00
 1.76026E+03	 4.25598E+00
 1.76188E+03	 4.95319E+00
 1.76350E+03	 5.25458E+00
 1.76511E+03	 4.67297E+00
 1.76673E+03	 3.76172E+00
 1.76835E+03	 3.27112E+00
 1.76996E+03	 3.09235E+00
 1.77158E+03	 2.66315E+00
 1.77319E+03	 1.86859E+00
 1.77481E+03	 7.37366E-01
 1.77642E+03	-3.95325E-01
 1.77804E+03	-1.01929E+00
 1.77965E+03	-1.39899E+00
 1.78126E+03	-1.57990E+00
 1.78288E+03	-9.63379E-01
 1.78449E+03	 1.41602E-02
 1.78610E+03	 1.90308E-01
 1.78771E+03	-6.34644E-01
 1.78932E+03	-9.76318E-01
 1.79093E+03	 1.30981E-01
 1.79254E+03	 1.60608E+00
 1.79415E+03	 2.18347E+00
 1.79576E+03	 1.89130E+00
 1.79737E+03	 1.11713E+00
 1.79898E+03	-2.02637E-02
 1.80059E+03	-2.11304E-01
 1.80220E+03	 1.87128E+00
 1.80380E+03	 3.65955E+00
 1.80541E+03	 2.39099E+00
 1.80702E+03	-9.46045E-03
 1.80862E+03	-1.25726E+00
 1.81023E+03	-1.30237E+00
 1.81183E+03	-4.60205E-01
 1.81344E+03	 6.34888E-01
 1.81504E+03	 1.14240E+00
 1.81665E+03	 6.06262E-01
 1.81825E+03	-8.75610E-01
 1.81985E+03	-2.16248E+00
 1.82146E+03	-1.75726E+00
 1.82306E+03	 2.80640E-01
 1.82466E+03	 1.74487E+00
 1.82626E+03	 1.62616E+00
 1.82786E+03	 1.10260E+00
 1.82947E+03	 8.92944E-01
 1.83107E+03	 8.50403E-01
 1.83267E+03	 7.90405E-01
 1.83427E+03	 4.69421E-01
 1.83586E+03	-9.38721E-02
 1.83746E+03	-5.93262E-01
 1.83906E+03	-6.94336E-01
 1.84066E+03	-4.37622E-01
 1.84226E+03	-3.82629E-01
 1.84385E+03	-5.04211E-01
 1.84545E+03	 2.25220E-02
 1.84705E+03	 1.33820E+00
 1.84864E+03	 2.36487E+00
 1.85024E+03	 2.24933E+00
 1.85183E+03	 1.48541E+00
 1.85343E+03	 1.08856E+00
 1.85502E+03	 1.40906E+00
 1.85662E+03	 1.83105E+00
 1.85821E+03	 1.38287E+00
 1.85980E+03	 7.38525E-02
 1.86140E+03	-1.00220E+00
 1.86299E+03	-1.15784E+00
 1.86458E+03	-5.95154E-01
 1.86617E+03	 5.21240E-02
 1.86776E+03	 2.63550E-01
 1.86935E+03	 1.92322E-01
 1.87095E+03	 3.16040E-01
 1.87254E+03	 6.78894E-01
 1.87412E+03	 8.09021E-01
 1.87571E+03	 3.78479E-01
 1.87730E+03	-1.41052E-01
 1.87889E+03	 1.09985E-01
 1.88048E+03	 9.28528E-01
 1.88207E+03	 1.16449E+00
 1.88365E+03	 5.67932E-01
 1.88524E+03	 1.10901E-01
 1.88683E+03	 5.62012E-01
 1.88841E+03	 1.91821E+00
 1.89000E+03	 4.11096E+00
 1.89158E+03	 6.92767E+00
 1.89317E+03	 9.61530E+00
 1.89475E+03	 1.15177E+01
 1.89634E+03	 1.24630E+01
 1.89792E+03	 1.23763E+01
 1.89950E+03	 1.12765E+01
 1.90109E+03	 9.71356E+00
 1.90267E+03	 8.21265E+00
 1.90425E+03	 6.36438E+00
 1.90583E+03	 3.89404E+00
 1.90741E+03	 1.77032E+00
 1.90899E+03	 6.37268E-01
 1.91057E+03	-5.12695E-03
 1.91215E+03	-1.12854E-01
 1.91373E+03	 8.95447E-01
 1.91531E+03	 2.10437E+00
 1.91689E+03	 1.87341E+00
 1.91847E+03	 5.49866E-01
 1.92005E+03	-4.00574E-01
 1.92163E+03	-7.36877E-01
 1.92320E+03	-8.80554E-01
 1.92478E+03	-7.59399E-01
 1.92636E+03	-1.91650E-01
 1.92793E+03	 5.63782E-01
 1.92951E+03	 1.03888E+00
 1.93108E+03	 9.34265E-01
 1.93266E+03	 3.79089E-01
 1.93423E+03	-3.19214E-02
 1.93581E+03	 2.15271E-01
 1.93738E+03	 1.02246E+00
 1.93895E+03	 1.43250E+00
 1.94053E+03	 4.68811E-01
 1.94210E+03	-1.23395E+00
 1.94367E+03	-1.99725E+00
 1.94524E+03	-1.52740E+00
 1.94681E+03	-1.01807E+00
 1.94838E+03	-8.31543E-01
 1.94995E+03	-3.79272E-01
 1.95152E+03	 5.30579E-01
 1.95309E+03	 1.35107E+00
 1.95466E+03	 1.38867E+00
 1.95623E+03	 9.65271E-01
 1.95780E+03	 7.62268E-01
 1.95937E+03	 7.48291E-01
 1.96094E+03	 8.01514E-01
 1.96250E+03	 1.04071E+00
 1.96407E+03	 1.45337E+00
 1.96564E+03	 1.89581E+00
 1.96720E+03	 2.27740E+00
 1.96877E+03	 2.41382E+00
 1.97033E+03	 2.25195E+00
 1.97190E+03	 2.35126E+00
 1.97346E+03	 2.84607E+00
 1.97503E+03	 3.06451E+00
 1.97659E+03	 2.97235E+00
 1.97815E+03	 2.97900E+00
 1.97972E+03	 2.78088E+00
 1.98128E+03	 1.95306E+00
 1.98284E+03	 9.67834E-01
 1.98440E+03	 5.65857E-01
 1.98597E+03	 7.15881E-01
 1.98753E+03	 1.01489E+00
 1.98909E+03	 1.18152E+00
 1.99065E+03	 9.19189E-01
 1.99221E+03	 4.59106E-01
 1.99377E+03	 3.88794E-01
 1.99533E+03	 3.36426E-01
 1.99688E+03	-2.47803E-01
 1.99844E+03	-7.41943E-01
 2.00000E+03	-6.71021E-01
 2.00156E+03	-5.28625E-01
 2.00311E+03	-5.92773E-01
 2.00467E+03	-3.37341E-01
 2.00623E+03	 2.25708E-01
 2.00778E+03	 3.12073E-01
 2.00934E+03	-1.87683E-01
 2.01089E+03	-1.82922E-01
 2.01245E+03	 8.60779E-01
 2.01400E+03	 1.91217E+00
 2.01556E+03	 2.02118E+00
 2.01711E+03	 1.78162E+00
 2.01866E+03	 2.01215E+00
 2.02022E+03	 2.54102E+00
 2.02177E+03	 3.23370E+00
 2.02332E+03	 4.17468E+00
 2.02487E+03	 4.89203E+00
 2.02642E+03	 5.20770E+00
 2.02797E+03	 5.89355E+00
 2.02953E+03	 7.19330E+00
 2.03108E+03	 8.16321E+00
 2.03262E+03	 7.94391E+00
 2.03417E+03	 6.41351E+00
 2.03572E+03	 4.33459E+00
 2.03727E+03	 2.94147E+00
 2.03882E+03	 2.67474E+00
 2.04037E+03	 2.81580E+00
 2.04191E+03	 2.63019E+00
 2.04346E+03	 2.61792E+00
 2.04501E+03	 3.53528E+00
 2.04655E+03	 4.67603E+00
 2.04810E+03	 5.10583E+00
 2.04965E+03	 5.42468E+00
 2.05119E+03	 6.26062E+00
 2.05274E+03	 6.85443E+00
 2.05428E+03	 6.25616E+00
 2.05582E+03	 4.70636E+00
 2.05737E+03	 3.59253E+00
 2.05891E+03	 4.01172E+00
 2.06045E+03	 5.88562E+00
 2.06200E+03	 7.99561E+00
 2.06354E+03	 8.48553E+00
 2.06508E+03	 6.97406E+00
 2.06662E+03	 5.42999E+00
 2.06816E+03	 5.31287E+00
 2.06970E+03	 6.12573E+00
 2.07124E+03	 6.97491E+00
 2.07278E+03	 6.82294E+00
 2.07432E+03	 5.22296E+00
 2.07586E+03	 3.51874E+00
 2.07740E+03	 3.13855E+00
 2.07894E+03	 3.72620E+00
 2.08047E+03	 3.79419E+00
 2.08201E+03	 2.85205E+00
 2.08355E+03	 2.14349E+00
 2.08508E+03	 2.50610E+00
 2.08662E+03	 2.81824E+00
 2.08816E+03	 2.07349E+00
 2.08969E+03	 1.16595E+00
 2.09123E+03	 1.16425E+00
 2.09276E+03	 1.84686E+00
 2.09430E+03	 2.15753E+00
 2.09583E+03	 1.09955E+00
 2.09736E+03	-1.03540E+00
 2.09890E+03	-2.64972E+00
 2.10043E+03	-2.85358E+00
 2.10196E+03	-2.18915E+00
 2.10349E+03	-1.39203E+00
 2.10502E+03	-4.55933E-01
 2.10656E+03	 5.47302E-01
 2.10809E+03	 1.20837E+00
 2.10962E+03	 1.54907E+00
 2.11115E+03	 2.08191E+00
 2.11268E+03	 2.86017E+00
 2.11421E+03	 3.37433E+00
 2.11573E+03	 3.42761E+00
 2.11726E+03	 2.98877E+00
 2.11879E+03	 2.09857E+00
 2.12032E+03	 1.39124E+00
 2.12185E+03	 1.61371E+00
 2.12337E+03	 2.88177E+00
 2.12490E+03	 4.24219E+00
 2.12643E+03	 4.54504E+00
 2.12795E+03	 4.32477E+00
 2.12948E+03	 4.82825E+00
 2.13100E+03	 5.80865E+00
 2.13253E+03	 6.08478E+00
 2.13405E+03	 4.99731E+00
 2.13558E+03	 3.32751E+00
 2.13710E+03	 2.85358E+00
 2.13862E+03	 3.91937E+00
 2.14015E+03	 5.00928E+00
 2.14167E+03	 4.98578E+00
 2.14319E+03	 3.90533E+00
 2.14471E+03	 2.50238E+00
 2.14623E+03	 1.80511E+00
 2.14775E+03	 2.10419E+00
 2.14927E+03	 2.73407E+00
 2.15079E+03	 3.21680E+00
 2.15231E+03	 3.35254E+00
 2.15383E+03	 2.99640E+00
 2.15535E+03	 2.42273E+00
 2.15687E+03	 2.07410E+00
 2.15839E+03	 2.01324E+00
 2.15991E+03	 1.83398E+00
 2.16143E+03	 1.43353E+00
 2.16294E+03	 1.42139E+00
 2.16446E+03	 1.85095E+00
 2.16598E+03	 1.68170E+00
 2.16749E+03	 3.57971E-01
 2.16901E+03	-1.13574E+00
 2.17052E+03	-1.59265E+00
 2.17204E+03	-1.19055E+00
 2.17355E+03	-6.85120E-01
 2.17507E+03	-2.48291E-01
 2.17658E+03	-6.82373E-02
 2.17809E+03	-3.56140E-01
 2.17961E+03	-5.88928E-01
 2.18112E+03	-3.29285E-01
 2.18263E+03	 2.50916E-01
 2.18414E+03	 7.86011E-01
 2.18565E+03	 1.27905E+00
 2.18717E+03	 1.55829E+00
 2.18868E+03	 1.62354E+00
 2.19019E+03	 2.31860E+00
 2.19170E+03	 3.82159E+00
 2.19321E+03	 5.23547E+00
 2.19472E+03	 6.06042E+00
 2.19622E+03	 6.39313E+00
 2.19773E+03	 6.20557E+00
 2.19924E+03	 5.36334E+00
 2.20075E+03	 4.40381E+00
 2.20226E+03	 4.09583E+00
 2.20376E+03	 4.33929E+00
 2.20527E+03	 4.39368E+00
 2.20678E+03	 3.66821E+00
 2.20828E+03	 2.81616E+00
 2.20979E+03	 3.08118E+00
 2.21129E+03	 4.27576E+00
 2.21280E+03	 5.53430E+00
 2.21430E+03	 6.44104E+00
 2.21581E+03	 6.67737E+00
 2.21731E+03	 6.42145E+00
 2.21881E+03	 6.04810E+00
 2.22032E+03	 5.72931E+00
 2.22182E+03	 6.07440E+00
 2.22332E+03	 6.88025E+00
 2.22482E+03	 6.84381E+00
 2.22632E+03	 5.91504E+00
 2.22783E+03	 4.83759E+00
 2.22933E+03	 3.74908E+00
 2.23083E+03	 2.94006E+00
 2.23233E+03	 2.33246E+00
 2.23383E+03	 1.37311E+00
 2.23532E+03	 7.08923E-01
 2.23682E+03	 1.20862E+00
 2.23832E+03	 2.21295E+00
 2.23982E+03	 2.60620E+00
 2.24132E+03	 2.34143E+00
 2.24282E+03	 2.16870E+00
 2.24431E+03	 2.18805E+00
 2.24581E+03	 1.73389E+00
 2.24731E+03	 7.15576E-01
 2.24880E+03	-2.13806E-01
 2.25030E+03	-4.51050E-01
 2.25179E+03	 2.00684E-01
 2.25329E+03	 1.37274E+00
 2.25478E+03	 2.49622E+00
 2.25627E+03	 3.29626E+00
 2.25777E+03	 3.75415E+00
 2.25926E+03	 3.89172E+00
 2.26075E+03	 3.52161E+00
 2.26225E+03	 2.75928E+00
 2.26374E+03	 2.27045E+00
 2.26523E+03	 2.44891E+00
 2.26672E+03	 3.33221E+00
 2.26821E+03	 4.73907E+00
 2.26970E+03	 6.02277E+00
 2.27119E+03	 6.69257E+00
 2.27268E+03	 7.14227E+00
 2.27417E+03	 7.96265E+00
 2.27566E+03	 8.73175E+00
 2.27715E+03	 8.43713E+00
 2.27864E+03	 6.67883E+00
 2.28013E+03	 3.86011E+00
 2.28162E+03	 1.16534E+00
 2.28310E+03	-2.39746E-01
 2.28459E+03	-4.52148E-01
 2.28608E+03	-1.81030E-01
 2.28756E+03	 1.54907E-01
 2.28905E+03	 2.02637E-01
 2.29054E+03	-4.09546E-02
 2.29202E+03	 5.23071E-02
 2.29351E+03	 9.98291E-01
 2.29499E+03	 2.26569E+00
 2.29647E+03	 2.54974E+00
 2.29796E+03	 1.44257E+00
 2.29944E+03	-1.74377E-01
 2.30092E+03	-1.45215E+00
 2.30241E+03	-2.23450E+00
 2.30389E+03	-2.44006E+00
 2.30537E+03	-1.81268E+00
 2.30685E+03	-1.77246E-01
 2.30833E+03	 2.09436E+00
 2.30981E+03	 4.11780E+00
 2.31129E+03	 5.22131E+00
 2.31277E+03	 5.44238E+00
 2.31425E+03	 5.30597E+00
 2.31573E+03	 5.02472E+00
 2.31721E+03	 4.26746E+00
 2.31869E+03	 3.20605E+00
 2.32017E+03	 2.70306E+00
 2.32165E+03	 2.99603E+00
 2.32312E+03	 3.40698E+00
 2.32460E+03	 3.28906E+00
 2.32608E+03	 2.82361E+00
 2.32755E+03	 2.87622E+00
 2.32903E+03	 3.47845E+00
 2.33051E+03	 3.43335E+00
 2.33198E+03	 2.13800E+00
 2.33346E+03	 3.83057E-01
 2.33493E+03	-6.12488E-01
 2.33641E+03	-1.17432E-01
 2.33788E+03	 1.50610E+00
 2.33935E+03	 3.12067E+00
 2.34083E+03	 4.05457E+00
 2.34230E+03	 4.09552E+00
 2.34377E+03	 2.95947E+00
 2.34524E+03	 1.18719E+00
 2.34672E+03	 3.72742E-01
 2.34819E+03	 1.18219E+00
 2.34966E+03	 2.38458E+00
 2.35113E+03	 2.88043E+00
 2.35260E+03	 2.85150E+00
 2.35407E+03	 2.32971E+00
 2.35554E+03	 1.12823E+00
 2.35701E+03	 4.80957E-02
 2.35848E+03	-7.22656E-02
 2.35994E+03	 3.74878E-01
 2.36141E+03	 7.60193E-01
 2.36288E+03	 1.17340E+00
 2.36435E+03	 1.62720E+00
 2.36581E+03	 1.66241E+00
 2.36728E+03	 1.07086E+00
 2.36875E+03	 1.38000E-01
 2.37021E+03	-6.78894E-01
 2.37168E+03	-1.01239E+00
 2.37314E+03	-9.15894E-01
 2.37461E+03	-8.96851E-01
 2.37607E+03	-1.10626E+00
 2.37754E+03	-9.84070E-01
 2.37900E+03	-3.56262E-01
 2.38046E+03	 3.53638E-01
 2.38193E+03	 7.93457E-01
 2.38339E+03	 8.18481E-01
 2.38485E+03	 5.32654E-01
 2.38631E+03	 2.79541E-01
 2.38778E+03	 3.03101E-01
 2.38924E+03	 3.95691E-01
 2.39070E+03	-2.85645E-02
 2.39216E+03	-8.89771E-01
 2.39362E+03	-1.51495E+00
 2.39508E+03	-1.77600E+00
 2.39654E+03	-1.72607E+00
 2.39800E+03	-8.62122E-01
 2.39946E+03	 8.25317E-01
 2.40091E+03	 2.10809E+00
 2.40237E+03	 2.15790E+00
 2.40383E+03	 1.60620E+00
 2.40529E+03	 1.11847E+00
 2.40674E+03	 4.41589E-01
 2.40820E+03	-4.65088E-01
 2.40966E+03	-7.95288E-01
 2.41111E+03	 2.90527E-02
 2.41257E+03	 1.61743E+00
 2.41402E+03	 2.89465E+00
 2.41548E+03	 3.17017E+00
 2.41693E+03	 2.98468E+00
 2.41839E+03	 3.32239E+00
 2.41984E+03	 4.48035E+00
 2.42129E+03	 5.81158E+00
 2.42275E+03	 6.38477E+00
 2.42420E+03	 5.89697E+00
 2.42565E+03	 4.86359E+00
 2.42710E+03	 4.20667E+00
 2.42856E+03	 4.68231E+00
 2.43001E+03	 6.22821E+00
 2.43146E+03	 7.55664E+00
 2.43291E+03	 7.50842E+00
 2.43436E+03	 6.57098E+00
 2.43581E+03	 5.76617E+00
 2.43726E+03	 5.16595E+00
 2.43871E+03	 4.31708E+00
 2.44016E+03	 3.29468E+00
 2.44160E+03	 2.70178E+00
 2.44305E+03	 2.90094E+00
 2.44450E+03	 3.87970E+00
 2.44595E+03	 5.28802E+00
 2.44739E+03	 6.07904E+00
 2.44884E+03	 5.52161E+00
 2.45029E+03	 4.42493E+00
 2.45173E+03	 3.77356E+00
 2.45318E+03	 3.42371E+00
 2.45462E+03	 3.18469E+00
 2.45607E+03	 3.13165E+00
 2.45751E+03	 2.80206E+00
 2.45896E+03	 2.20837E+00
 2.46040E+03	 2.21320E+00
 2.46184E+03	 2.70709E+00
 2.46329E+03	 2.67767E+00
 2.46473E+03	 2.32800E+00
 2.46617E+03	 2.71442E+00
 2.46761E+03	 3.59015E+00
 2.46906E+03	 4.23938E+00
 2.47050E+03	 4.80603E+00
 2.47194E+03	 4.94330E+00
 2.47338E+03	 4.03864E+00
 2.47482E+03	 2.68585E+00
 2.47626E+03	 1.46942E+00
 2.47770E+03	 2.86194E-01
 2.47914E+03	-3.91907E-01
 2.48058E+03	-7.42798E-02
 2.48202E+03	 5.67505E-01
 2.48345E+03	 5.95703E-01
 2.48489E+03	 4.23096E-01
 2.48633E+03	 1.09027E+00
 2.48777E+03	 2.03802E+00
 2.48920E+03	 1.95068E+00
 2.49064E+03	 1.19080E+00
 2.49208E+03	 9.89929E-01
 2.49351E+03	 1.33862E+00
 2.49495E+03	 1.42444E+00
 2.49638E+03	 7.63306E-01
 2.49782E+03	-2.63611E-01
 2.49925E+03	-5.09094E-01
 2.50068E+03	 3.17383E-03
 2.50212E+03	 1.51367E-01
 2.50355E+03	-2.62939E-01
 2.50498E+03	-7.98767E-01
 2.50642E+03	-9.76746E-01
 2.50785E+03	-5.74402E-01
 2.50928E+03	-5.81665E-02
 2.51071E+03	 2.06421E-01
 2.51214E+03	 3.26416E-01
 2.51357E+03	 5.57312E-01
 2.51500E+03	 8.08350E-01
 2.51644E+03	 5.51392E-01
 2.51786E+03	-2.91748E-02
 2.51929E+03	-2.52014E-01
 2.52072E+03	-1.10474E-02
 2.52215E+03	 6.28174E-01
 2.52358E+03	 1.71887E+00
 2.52501E+03	 2.87860E+00
 2.52644E+03	 3.64594E+00
 2.52786E+03	 4.21161E+00
 2.52929E+03	 4.95056E+00
 2.53072E+03	 5.82849E+00
 2.53214E+03	 6.43896E+00
 2.53357E+03	 6.19153E+00
 2.53499E+03	 4.93616E+00
 2.53642E+03	 3.33228E+00
 2.53785E+03	 2.13910E+00
 2.53927E+03	 1.67560E+00
 2.54069E+03	 1.83539E+00
 2.54212E+03	 2.07471E+00
 2.54354E+03	 1.88123E+00
 2.54496E+03	 1.23297E+00
 2.54639E+03	 4.42444E-01
 2.54781E+03	-1.33972E-01
 2.54923E+03	-3.12012E-01
 2.55065E+03	-2.38586E-01
 2.55208E+03	-1.69739E-01
 2.55350E+03	 2.56958E-02
 2.55492E+03	 2.73132E-01
 2.55634E+03	-1.47949E-01
 2.55776E+03	-1.05511E+00
 2.55918E+03	-1.19202E+00
 2.56060E+03	-2.21313E-01
 2.56202E+03	 8.00842E-01
 2.56343E+03	 1.07129E+00
 2.56485E+03	 8.05603E-01
 2.56627E+03	 6.53809E-01
 2.56769E+03	 9.15955E-01
 2.56911E+03	 1.21698E+00
 2.57052E+03	 1.21313E+00
 2.57194E+03	 1.07953E+00
 2.57336E+03	 1.09406E+00
 2.57477E+03	 1.64130E+00
 2.57619E+03	 2.77124E+00
 2.57760E+03	 3.64941E+00
 2.57902E+03	 3.67273E+00
 2.58043E+03	 3.14746E+00
 2.58185E+03	 2.65491E+00
 2.58326E+03	 2.47614E+00
 2.58467E+03	 2.66455E+00
 2.58609E+03	 3.51373E+00
 2.58750E+03	 4.62994E+00
 2.58891E+03	 4.98206E+00
 2.59032E+03	 4.84497E+00
 2.59174E+03	 4.94061E+00
 2.59315E+03	 4.97833E+00
 2.59456E+03	 4.76013E+00
 2.59597E+03	 4.72125E+00
 2.59738E+03	 5.00574E+00
 2.59879E+03	 5.25116E+00
 2.60020E+03	 5.30432E+00
 2.60161E+03	 5.20288E+00
 2.60302E+03	 5.11853E+00
 2.60443E+03	 5.42029E+00
 2.60583E+03	 5.70172E+00
 2.60724E+03	 5.27228E+00
 2.60865E+03	 4.70074E+00
 2.61006E+03	 4.49963E+00
 2.61146E+03	 3.93781E+00
 2.61287E+03	 2.94019E+00
 2.61428E+03	 2.46936E+00
 2.61568E+03	 2.70038E+00
 2.61709E+03	 2.93634E+00
 2.61849E+03	 2.76172E+00
 2.61990E+03	 2.36084E+00
 2.62130E+03	 1.94635E+00
 2.62271E+03	 1.43073E+00
 2.62411E+03	 9.20349E-01
 2.62552E+03	 6.05835E-01
 2.62692E+03	 3.93433E-01
 2.62832E+03	 3.55164E-01
 2.62973E+03	 3.63037E-01
 2.63113E+03	-1.39343E-01
 2.63253E+03	-8.86047E-01
 2.63393E+03	-1.04272E+00
 2.63533E+03	-6.90491E-01
 2.63673E+03	-3.16895E-01
 2.63813E+03	 6.90308E-02
 2.63953E+03	 4.84619E-01
 2.64093E+03	 7.05078E-01
 2.64233E+03	 5.89600E-01
 2.64373E+03	 2.60193E-01
 2.64513E+03	 1.67847E-02
 2.64653E+03	-5.92651E-02
 2.64793E+03	 1.03882E-01
 2.64933E+03	 3.28125E-01
 2.65072E+03	 1.94824E-01
 2.65212E+03	-8.35571E-02
 2.65352E+03	 1.52405E-01
 2.65491E+03	 8.80920E-01
 2.65631E+03	 1.06750E+00
 2.65771E+03	 3.71765E-01
 2.65910E+03	 1.23901E-02
 2.66050E+03	 4.67651E-01
 2.66189E+03	 6.50024E-01
 2.66329E+03	 1.90857E-01
 2.66468E+03	 1.37695E-01
 2.66607E+03	 7.17957E-01
 2.66747E+03	 8.72131E-01
 2.66886E+03	 4.16077E-01
 2.67025E+03	 6.21948E-02
 2.67165E+03	-1.42456E-01
 2.67304E+03	-2.63611E-01
 2.67443E+03	 1.49048E-01
 2.67582E+03	 7.39258E-01
 2.67721E+03	 6.47766E-01
 2.67860E+03	 1.77612E-01
 2.67999E+03	-9.28345E-02
 2.68138E+03	-2.74353E-01
 2.68277E+03	-3.41492E-01
 2.68416E+03	-3.16162E-01
 2.68555E+03	-3.54553E-01
 2.68694E+03	-3.62793E-01
 2.68833E+03	-1.43982E-01
 2.68972E+03	 4.36218E-01
 2.69110E+03	 1.12817E+00
 2.69249E+03	 1.32617E+00
 2.69388E+03	 9.63440E-01
 2.69527E+03	 4.28467E-01
 2.69665E+03	-1.51978E-01
 2.69804E+03	-9.15344E-01
 2.69942E+03	-1.63373E+00
 2.70081E+03	-1.57526E+00
 2.70219E+03	-5.12207E-01
 2.70358E+03	 4.52271E-01
 2.70496E+03	 5.05676E-01
 2.70635E+03	 3.26050E-01
 2.70773E+03	 6.47888E-01
 2.70911E+03	 1.28369E+00
 2.71050E+03	 1.82697E+00
 2.71188E+03	 2.17181E+00
 2.71326E+03	 2.41803E+00
 2.71465E+03	 2.67181E+00
 2.71603E+03	 2.98010E+00
 2.71741E+03	 3.58990E+00
 2.71879E+03	 4.74481E+00
 2.72017E+03	 6.12610E+00
 2.72155E+03	 7.24316E+00
 2.72293E+03	 7.95850E+00
 2.72431E+03	 8.27533E+00
 2.72569E+03	 8.19666E+00
 2.72707E+03	 7.95062E+00
 2.72845E+03	 8.04663E+00
 2.72983E+03	 8.45978E+00
 2.73120E+03	 8.33057E+00
 2.73258E+03	 7.34662E+00
 2.73396E+03	 6.16418E+00
 2.73534E+03	 5.12067E+00
 2.73671E+03	 4.10364E+00
 2.73809E+03	 3.50690E+00
 2.73947E+03	 3.62732E+00
 2.74084E+03	 3.74927E+00
 2.74222E+03	 3.31653E+00
 2.74359E+03	 2.63531E+00
 2.74497E+03	 1.94330E+00
 2.74634E+03	 1.32782E+00
 2.74772E+03	 9.04663E-01
 2.74909E+03	 4.67468E-01
 2.75046E+03	-1.86707E-01
 2.75184E+03	-9.07959E-01
 2.75321E+03	-1.39618E+00
 2.75458E+03	-1.31073E+00
 2.75595E+03	-4.98474E-01
 2.75732E+03	 4.28101E-01
 2.75870E+03	 4.87000E-01
 2.76007E+03	 4.67529E-02
 2.76144E+03	 1.76575E-01
 2.76281E+03	 6.20361E-01
 2.76418E+03	 7.06238E-01
 2.76555E+03	 6.02844E-01
 2.76692E+03	 5.53955E-01
 2.76829E+03	 7.34680E-01
 2.76966E+03	 1.53870E+00
 2.77102E+03	 2.82227E+00
 2.77239E+03	 3.82288E+00
 2.77376E+03	 4.18433E+00
 2.77513E+03	 4.20306E+00
 2.77650E+03	 4.10376E+00
 2.77786E+03	 3.57458E+00
 2.77923E+03	 2.30933E+00
 2.78060E+03	 9.20593E-01
 2.78196E+03	 5.45837E-01
 2.78333E+03	 1.11011E+00
 2.78469E+03	 1.53839E+00
 2.78606E+03	 1.70245E+00
 2.78742E+03	 2.05255E+00
 2.78879E+03	 2.41669E+00
 2.79015E+03	 2.50427E+00
 2.79151E+03	 2.25281E+00
 2.79288E+03	 1.69989E+00
 2.79424E+03	 1.01733E+00
 2.79560E+03	 2.48901E-01
 2.79696E+03	-5.08423E-01
 2.79833E+03	-8.79639E-01
 2.79969E+03	-7.55371E-01
 2.80105E+03	-3.60596E-01
 2.80241E+03	 7.35474E-02
 2.80377E+03	 2.30042E-01
 2.80513E+03	-1.25000E-01
 2.80649E+03	-6.20422E-01
 2.80785E+03	-6.73584E-01
 2.80921E+03	-3.32153E-01
 2.81057E+03	-4.99268E-02
 2.81193E+03	 1.97693E-01
 2.81329E+03	 7.16370E-01
 2.81464E+03	 1.37457E+00
 2.81600E+03	 1.96869E+00
 2.81736E+03	 2.68604E+00
 2.81872E+03	 3.33887E+00
 2.82007E+03	 3.43304E+00
 2.82143E+03	 3.31226E+00
 2.82279E+03	 3.39496E+00
 2.82414E+03	 3.41547E+00
 2.82550E+03	 3.52356E+00
 2.82685E+03	 4.20038E+00
 2.82821E+03	 5.12073E+00
 2.82956E+03	 5.70331E+00
 2.83092E+03	 6.19171E+00
 2.83227E+03	 7.19531E+00
 2.83362E+03	 8.99829E+00
 2.83498E+03	 1.16717E+01
 2.83633E+03	 1.43920E+01
 2.83768E+03	 1.58997E+01
 2.83903E+03	 1.56919E+01
 2.84038E+03	 1.46996E+01
 2.84174E+03	 1.37168E+01
 2.84309E+03	 1.23714E+01
 2.84444E+03	 1.05261E+01
 2.84579E+03	 8.63696E+00
 2.84714E+03	 6.82599E+00
 2.84849E+03	 5.19312E+00
 2.84984E+03	 4.16962E+00
 2.85119E+03	 3.92737E+00
 2.85254E+03	 4.19141E+00
 2.85389E+03	 4.48041E+00
 2.85523E+03	 4.40070E+00
 2.85658E+03	 4.35529E+00
 2.85793E+03	 5.12866E+00
 2.85928E+03	 7.01459E+00
 2.86062E+03	 9.94421E+00
 2.86197E+03	 1.34114E+01
 2.86332E+03	 1.70848E+01
 2.86466E+03	 2.12550E+01
 2.86601E+03	 2.54971E+01
 2.86735E+03	 2.88143E+01
 2.86870E+03	 3.13096E+01
 2.87004E+03	 3.36236E+01
 2.87139E+03	 3.56219E+01
 2.87273E+03	 3.68110E+01
 2.87408E+03	 3.72938E+01
 2.87542E+03	 3.78828E+01
 2.87676E+03	 3.91218E+01
 2.87811E+03	 4.05515E+01
 2.87945E+03	 4.13186E+01
 2.88079E+03	 4.12482E+01
 2.88213E+03	 4.06716E+01
 2.88347E+03	 3.98263E+01
 2.88482E+03	 3.89997E+01
 2.88616E+03	 3.78918E+01
 2.88750E+03	 3.56152E+01
 2.88884E+03	 3.23323E+01
 2.89018E+03	 2.92745E+01
 2.89152E+03	 2.70385E+01
 2.89286E+03	 2.53119E+01
 2.89420E+03	 2.38509E+01
 2.89553E+03	 2.27024E+01
 2.89687E+03	 2.21602E+01
 2.89821E+03	 2.23648E+01
 2.89955E+03	 2.27069E+01
 2.90089E+03	 2.24928E+01
 2.90222E+03	 2.16818E+01
 2.90356E+03	 2.07521E+01
 2.90490E+03	 2.04318E+01
 2.90623E+03	 2.11864E+01
 2.90757E+03	 2.26035E+01
 2.90890E+03	 2.36487E+01
 2.91024E+03	 2.36784E+01
 2.91157E+03	 2.27862E+01
 2.91291E+03	 2.15220E+01
 2.91424E+03	 2.05642E+01
 2.91558E+03	 1.99376E+01
 2.91691E+03	 1.91797E+01
 2.91824E+03	 1.85156E+01
 2.91958E+03	 1.84734E+01
 2.92091E+03	 1.88311E+01
 2.92224E+03	 1.89827E+01
 2.92357E+03	 1.86185E+01
 2.92491E+03	 1.77607E+01
 2.92624E+03	 1.69684E+01
 2.92757E+03	 1.67981E+01
 2.92890E+03	 1.68715E+01
 2.93023E+03	 1.67605E+01
 2.93156E+03	 1.63870E+01
 2.93289E+03	 1.54385E+01
 2.93422E+03	 1.39713E+01
 2.93555E+03	 1.23197E+01
 2.93688E+03	 1.03931E+01
 2.93820E+03	 8.42896E+00
 2.93953E+03	 7.31799E+00
 2.94086E+03	 7.41321E+00
 2.94219E+03	 8.30847E+00
 2.94352E+03	 9.79749E+00
 2.94484E+03	 1.19084E+01
 2.94617E+03	 1.42662E+01
 2.94750E+03	 1.59364E+01
 2.94882E+03	 1.62380E+01
 2.95015E+03	 1.58738E+01
 2.95147E+03	 1.62972E+01
 2.95280E+03	 1.79269E+01
 2.95412E+03	 1.99908E+01
 2.95545E+03	 2.21550E+01
 2.95677E+03	 2.49752E+01
 2.95810E+03	 2.85829E+01
 2.95942E+03	 3.24282E+01
 2.96074E+03	 3.58454E+01
 2.96206E+03	 3.83594E+01
 2.96339E+03	 3.94984E+01
 2.96471E+03	 3.85562E+01
 2.96603E+03	 3.60983E+01
 2.96735E+03	 3.39373E+01
 2.96867E+03	 3.25357E+01
 2.97000E+03	 3.08654E+01
 2.97132E+03	 2.80294E+01
 2.97264E+03	 2.39621E+01
 2.97396E+03	 1.93043E+01
 2.97528E+03	 1.47964E+01
 2.97660E+03	 1.09916E+01
 2.97791E+03	 8.01819E+00
 2.97923E+03	 5.75403E+00
 2.98055E+03	 4.16809E+00
 2.98187E+03	 3.04773E+00
 2.98319E+03	 2.38361E+00
 2.98451E+03	 2.30072E+00
 2.98582E+03	 2.32410E+00
 2.98714E+03	 2.06628E+00
 2.98846E+03	 1.62402E+00
 2.98977E+03	 1.00989E+00
 2.99109E+03	 2.45789E-01
 2.99240E+03	-4.62036E-01
 2.99372E+03	-1.02930E+00
 2.99503E+03	-1.41840E+00
 2.99635E+03	-1.07709E+00
 2.99766E+03	-1.40320E-01
 2.99898E+03	 6.47827E-01
 3.00029E+03	 7.74475E-01
 3.00160E+03	 3.82751E-01
 3.00292E+03	-4.58374E-02
 3.00423E+03	-6.10352E-02
 3.00554E+03	 4.52820E-01
 3.00686E+03	 1.06177E+00
 3.00817E+03	 1.22235E+00
 3.00948E+03	 8.50525E-01
 3.01079E+03	 3.46741E-01
 3.01210E+03	 2.61353E-01
 3.01341E+03	 6.01135E-01
 3.01472E+03	 7.26196E-01
 3.01603E+03	 5.18494E-01
 3.01734E+03	 5.25757E-01
 3.01865E+03	 7.17957E-01
 3.01996E+03	 5.67505E-01
 3.02127E+03	 5.91431E-02
 3.02258E+03	-3.73657E-01
 3.02389E+03	-6.26465E-01
 3.02519E+03	-8.16162E-01
 3.02650E+03	-8.23853E-01
 3.02781E+03	-6.56799E-01
 3.02912E+03	-3.38440E-01
 3.03042E+03	 6.89697E-02
 3.03173E+03	 1.78406E-01
 3.03303E+03	 3.24585E-01
 3.03434E+03	 9.01672E-01
 3.03565E+03	 1.21338E+00
 3.03695E+03	 9.04114E-01
 3.03826E+03	 4.99512E-01
 3.03956E+03	 3.44299E-01
 3.04086E+03	 2.83264E-01
 3.04217E+03	 1.25427E-01
 3.04347E+03	-6.48193E-02
 3.04478E+03	-1.29639E-01
 3.04608E+03	-7.01904E-03
 3.04738E+03	 2.56165E-01
 3.04868E+03	 5.27100E-01
 3.04999E+03	 6.69250E-01
 3.05129E+03	 5.59387E-01
 3.05259E+03	 1.57471E-01
 3.05389E+03	-5.48096E-01
 3.05519E+03	-1.23315E+00
 3.05649E+03	-1.51648E+00
 3.05779E+03	-1.36987E+00
 3.05909E+03	-8.21411E-01
 3.06039E+03	-3.35693E-02
 3.06169E+03	 6.51672E-01
 3.06299E+03	 1.07269E+00
 3.06429E+03	 1.21130E+00
 3.06559E+03	 1.18945E+00
 3.06688E+03	 1.35095E+00
 3.06818E+03	 1.85205E+00
 3.06948E+03	 2.33966E+00
 3.07078E+03	 2.55768E+00
 3.07207E+03	 2.72174E+00
 3.07337E+03	 2.83502E+00
 3.07467E+03	 2.54449E+00
 3.07596E+03	 1.90662E+00
 3.07726E+03	 1.44318E+00
 3.07855E+03	 1.34186E+00
 3.07985E+03	 1.31836E+00
 3.08114E+03	 1.08215E+00
 3.08244E+03	 6.42883E-01
 3.08373E+03	 2.59827E-01
 3.08502E+03	-1.19751E-01
 3.08632E+03	-6.39648E-01
 3.08761E+03	-1.00262E+00
 3.08890E+03	-1.07410E+00
 3.09020E+03	-9.07104E-01
 3.09149E+03	-4.10645E-01
 3.09278E+03	 3.96851E-01
 3.09407E+03	 1.35980E+00
 3.09536E+03	 1.81085E+00
 3.09665E+03	 1.16028E+00
 3.09794E+03	-8.56934E-02
 3.09923E+03	-9.55322E-01
 3.10052E+03	-1.04529E+00
 3.10181E+03	-5.74463E-01
 3.10310E+03	-1.64673E-01
 3.10439E+03	 1.22070E-02
 3.10568E+03	 2.74902E-01
 3.10697E+03	 5.57922E-01
 3.10826E+03	 7.04956E-01
 3.10955E+03	 8.97156E-01
 3.11083E+03	 1.03162E+00
 3.11212E+03	 6.80115E-01
 3.11341E+03	 8.30078E-03
 3.11470E+03	-3.71216E-01
 3.11598E+03	-3.66089E-01
 3.11727E+03	-2.22290E-01
 3.11855E+03	-4.55933E-02
 3.11984E+03	-1.72729E-02
 3.12113E+03	-3.21716E-01
 3.12241E+03	-6.30127E-01
 3.12369E+03	-3.71826E-01
 3.12498E+03	 3.28369E-01
 3.12626E+03	 6.92566E-01
 3.12755E+03	 5.09583E-01
 3.12883E+03	 1.34277E-01
 3.13011E+03	-2.36511E-01
