-5.40220E+01	 6.50439E+00
-5.18867E+01	 3.23340E+00
-4.97523E+01	 4.43848E-01
-4.76186E+01	 2.73047E+00
-4.54857E+01	-4.74707E+00
-4.33536E+01	-3.21484E+00
-4.12223E+01	-1.84375E+00
-3.90918E+01	-5.19531E+00
-3.69620E+01	-3.54590E+00
-3.48331E+01	-9.53271E+00
-3.27049E+01	-6.55713E+00
-3.05775E+01	-8.21484E+00
-2.84509E+01	-1.07227E+00
-2.63251E+01	-3.63281E-01
-2.42001E+01	 1.62793E+01
-2.20758E+01	 3.49878E+01
-1.99523E+01	 1.43164E+02
-1.78297E+01	 8.02606E+02
-1.57078E+01	 3.84352E+03
-1.35866E+01	 1.07274E+04
-1.14663E+01	 2.18967E+04
-9.34673E+00	 2.87658E+04
-7.22795E+00	 3.62337E+04
-5.10996E+00	 4.58385E+04
-2.99274E+00	 5.69532E+04
-8.76296E-01	 6.14029E+04
 1.23936E+00	 6.14015E+04
 3.35425E+00	 4.93722E+04
 5.46835E+00	 4.05875E+04
 7.58168E+00	 2.90914E+04
 9.69423E+00	 2.32855E+04
 1.18060E+01	 2.04163E+04
 1.39170E+01	 1.27593E+04
 1.60272E+01	 3.75075E+03
 1.81367E+01	 9.89959E+02
 2.02453E+01	 2.81201E+02
 2.23532E+01	 1.03210E+02
 2.44603E+01	 3.93853E+01
 2.65667E+01	 4.22754E+00
 2.86722E+01	-1.05962E+01
 3.07770E+01	-2.35542E+01
 3.28811E+01	-3.19453E+01
 3.49843E+01	-3.79282E+01
 3.70868E+01	-5.27715E+01
 3.91885E+01	-8.27051E+01
 4.12894E+01	-1.23305E+02
 4.33896E+01	-1.66398E+02
 4.54890E+01	-1.30047E+02
 4.75876E+01	-5.37622E+01
 4.96854E+01	 7.53223E+01
 5.17825E+01	 2.75606E+02
 5.38788E+01	 4.88658E+02
 5.59743E+01	 6.60276E+02
 5.80691E+01	 7.52994E+02
 6.01631E+01	 7.62079E+02
 6.22563E+01	 7.03396E+02
 6.43488E+01	 6.43814E+02
 6.64405E+01	 5.84265E+02
 6.85314E+01	 5.25917E+02
 7.06216E+01	 4.76702E+02
 7.27110E+01	 4.61553E+02
 7.47996E+01	 4.41504E+02
 7.68875E+01	 4.23355E+02
 7.89746E+01	 4.17073E+02
 8.10609E+01	 4.18057E+02
 8.31465E+01	 4.15642E+02
 8.52313E+01	 4.21360E+02
 8.73154E+01	 4.38011E+02
 8.93986E+01	 4.65429E+02
 9.14811E+01	 4.81047E+02
 9.35629E+01	 5.27898E+02
 9.56439E+01	 5.73216E+02
 9.77241E+01	 6.33167E+02
 9.98036E+01	 6.79452E+02
 1.01882E+02	 7.35770E+02
 1.03960E+02	 7.67288E+02
 1.06037E+02	 7.73706E+02
 1.08114E+02	 7.34390E+02
 1.10190E+02	 6.81908E+02
 1.12264E+02	 5.98393E+02
 1.14339E+02	 4.90710E+02
 1.16412E+02	 3.98095E+02
 1.18485E+02	 3.12746E+02
 1.20556E+02	 2.57264E+02
 1.22628E+02	 2.18282E+02
 1.24698E+02	 1.83533E+02
 1.26768E+02	 1.66685E+02
 1.28836E+02	 1.46969E+02
 1.30904E+02	 1.26654E+02
 1.32972E+02	 1.10972E+02
 1.35038E+02	 9.66558E+01
 1.37104E+02	 8.64072E+01
 1.39169E+02	 8.49922E+01
 1.41234E+02	 7.95767E+01
 1.43297E+02	 7.05610E+01
 1.45360E+02	 6.58457E+01
 1.47422E+02	 6.93301E+01
 1.49483E+02	 6.86147E+01
 1.51544E+02	 7.57993E+01
 1.53604E+02	 8.05171E+01
 1.55663E+02	 8.96016E+01
 1.57721E+02	 1.11253E+02
 1.59779E+02	 1.39671E+02
 1.61835E+02	 1.75222E+02
 1.63891E+02	 2.29707E+02
 1.65947E+02	 2.96125E+02
 1.68001E+02	 3.44676E+02
 1.70055E+02	 3.89693E+02
 1.72108E+02	 4.06511E+02
 1.74160E+02	 4.08163E+02
 1.76212E+02	 3.77214E+02
 1.78263E+02	 3.45432E+02
 1.80313E+02	 2.94617E+02
 1.82362E+02	 2.39334E+02
 1.84411E+02	 1.88552E+02
 1.86458E+02	 1.45070E+02
 1.88505E+02	 1.21188E+02
 1.90552E+02	 9.42397E+01
 1.92597E+02	 7.67241E+01
 1.94642E+02	 4.56753E+01
 1.96686E+02	 4.32266E+01
 1.98730E+02	 3.83774E+01
 2.00772E+02	 3.21851E+01
 2.02814E+02	 3.25059E+01
 2.04855E+02	 3.27070E+01
 2.06896E+02	 3.12231E+01
 2.08935E+02	 2.45527E+01
 2.10974E+02	 3.38301E+01
 2.13012E+02	 3.00542E+01
 2.15050E+02	 3.16597E+01
 2.17086E+02	 3.37124E+01
 2.19122E+02	 2.33428E+01
 2.21157E+02	 1.82729E+01
 2.23192E+02	 2.45029E+01
 2.25225E+02	 2.44995E+01
 2.27258E+02	 2.48633E+01
 2.29291E+02	 3.46602E+01
 2.31322E+02	 3.56230E+01
 2.33353E+02	 4.83530E+01
 2.35383E+02	 5.34502E+01
 2.37412E+02	 6.83135E+01
 2.39441E+02	 9.26104E+01
 2.41468E+02	 1.18074E+02
 2.43496E+02	 1.60504E+02
 2.45522E+02	 1.92134E+02
 2.47547E+02	 2.10531E+02
 2.49572E+02	 2.22928E+02
 2.51596E+02	 2.19857E+02
 2.53620E+02	 2.12321E+02
 2.55642E+02	 2.05918E+02
 2.57664E+02	 1.78915E+02
 2.59686E+02	 1.56645E+02
 2.61706E+02	 1.25841E+02
 2.63726E+02	 9.64048E+01
 2.65745E+02	 6.89014E+01
 2.67763E+02	 5.59312E+01
 2.69780E+02	 2.79287E+01
 2.71797E+02	 1.99585E+01
 2.73813E+02	 1.29883E+01
 2.75829E+02	 1.01523E+01
 2.77843E+02	 5.04883E+00
 2.79857E+02	 3.89795E+00
 2.81870E+02	-6.28418E-01
 2.83883E+02	-8.63232E+00
 2.85894E+02	-4.21045E+00
 2.87905E+02	-7.99707E+00
 2.89915E+02	-7.36914E+00
 2.91925E+02	-5.39502E+00
 2.93934E+02	-5.55762E+00
 2.95942E+02	-2.12500E+00
 2.97949E+02	 1.04150E+00
 2.99956E+02	 6.00732E+00
 3.01961E+02	 7.37354E+00
 3.03967E+02	 9.30664E+00
 3.05971E+02	 2.19731E+01
 3.07975E+02	 2.35391E+01
 3.09978E+02	 3.30386E+01
 3.11980E+02	 5.60381E+01
 3.13981E+02	 7.34707E+01
 3.15982E+02	 9.97368E+01
 3.17982E+02	 1.27903E+02
 3.19981E+02	 1.28136E+02
 3.21980E+02	 1.28068E+02
 3.23978E+02	 1.11102E+02
 3.25975E+02	 8.75347E+01
 3.27971E+02	 5.80342E+01
 3.29967E+02	 4.92334E+01
 3.31962E+02	 4.69663E+01
 3.33956E+02	 3.16323E+01
 3.35950E+02	 3.20649E+01
 3.37943E+02	 2.14312E+01
 3.39935E+02	 1.92305E+01
 3.41926E+02	 1.48633E+01
 3.43917E+02	 8.46338E+00
 3.45907E+02	 6.16309E+00
 3.47896E+02	 6.22900E+00
 3.49885E+02	-1.21714E+01
 3.51873E+02	-3.97217E+00
 3.53860E+02	-5.19336E+00
 3.55846E+02	-2.96680E+00
 3.57832E+02	-1.55420E+00
 3.59817E+02	-1.16113E+00
 3.61801E+02	 1.11230E+00
 3.63784E+02	 2.36670E+00
 3.65767E+02	 1.70166E+00
 3.67749E+02	 3.51758E+00
 3.69731E+02	 1.69971E+01
 3.71711E+02	 1.22109E+01
 3.73691E+02	 8.92432E+00
 3.75670E+02	 1.47378E+01
 3.77649E+02	 2.21846E+01
 3.79627E+02	 2.79648E+01
 3.81604E+02	 3.78115E+01
 3.83580E+02	 5.65249E+01
 3.85556E+02	 8.38721E+01
 3.87531E+02	 1.10285E+02
 3.89505E+02	 1.68099E+02
 3.91478E+02	 2.70845E+02
 3.93451E+02	 4.53826E+02
 3.95423E+02	 7.32839E+02
 3.97395E+02	 9.83552E+02
 3.99365E+02	 1.04950E+03
 4.01335E+02	 8.54613E+02
 4.03305E+02	 5.91727E+02
 4.05273E+02	 3.77173E+02
 4.07241E+02	 2.55919E+02
 4.09208E+02	 1.88833E+02
 4.11174E+02	 1.47113E+02
 4.13140E+02	 1.21960E+02
 4.15105E+02	 1.08340E+02
 4.17069E+02	 8.94873E+01
 4.19033E+02	 6.42339E+01
 4.20996E+02	 4.38652E+01
 4.22958E+02	 4.92803E+01
 4.24920E+02	 3.74141E+01
 4.26880E+02	 4.37324E+01
 4.28840E+02	 3.32705E+01
 4.30800E+02	 3.90503E+01
 4.32758E+02	 3.66299E+01
 4.34716E+02	 3.89766E+01
 4.36674E+02	 3.89565E+01
 4.38630E+02	 4.31030E+01
 4.40586E+02	 4.81162E+01
 4.42541E+02	 6.58960E+01
 4.44496E+02	 9.05757E+01
 4.46449E+02	 1.31989E+02
 4.48402E+02	 1.92269E+02
 4.50355E+02	 2.78149E+02
 4.52306E+02	 3.30862E+02
 4.54257E+02	 3.51675E+02
 4.56208E+02	 3.21489E+02
 4.58157E+02	 2.79869E+02
 4.60106E+02	 2.34481E+02
 4.62054E+02	 1.86995E+02
 4.64002E+02	 1.42641E+02
 4.65948E+02	 9.82544E+01
 4.67894E+02	 6.37012E+01
 4.69840E+02	 4.25479E+01
 4.71784E+02	 1.90273E+01
 4.73728E+02	 1.09478E+01
 4.75671E+02	 5.61621E+00
 4.77614E+02	 3.76855E+00
 4.79556E+02	 4.27637E+00
 4.81497E+02	 3.50977E+00
 4.83438E+02	 3.41309E-01
 4.85377E+02	-1.28906E+00
 4.87316E+02	-1.44092E+00
 4.89255E+02	-3.17920E+00
 4.91192E+02	-5.81592E+00
 4.93129E+02	-5.85107E+00
 4.95066E+02	-2.05078E+00
 4.97001E+02	-1.18457E+00
 4.98936E+02	 2.10938E-01
 5.00870E+02	 1.22363E+00
 5.02804E+02	 1.08838E+00
 5.04737E+02	-1.81348E+00
 5.06669E+02	 3.35156E+00
 5.08600E+02	 4.81543E+00
 5.10531E+02	 1.10806E+01
 5.12461E+02	 1.54453E+01
 5.14391E+02	 2.83101E+01
 5.16319E+02	 4.19414E+01
 5.18247E+02	 5.44727E+01
 5.20175E+02	 7.98369E+01
 5.22101E+02	 1.23568E+02
 5.24027E+02	 1.73633E+02
 5.25952E+02	 2.18031E+02
 5.27877E+02	 2.55529E+02
 5.29801E+02	 2.41427E+02
 5.31724E+02	 2.10025E+02
 5.33647E+02	 1.72756E+02
 5.35568E+02	 1.25521E+02
 5.37489E+02	 8.28193E+01
 5.39410E+02	 5.82173E+01
 5.41330E+02	 4.13818E+01
 5.43249E+02	 3.90469E+01
 5.45167E+02	 2.20444E+01
 5.47085E+02	 2.48755E+01
 5.49002E+02	 2.61738E+01
 5.50918E+02	 2.36719E+01
 5.52834E+02	 2.02700E+01
 5.54749E+02	 1.22349E+01
 5.56663E+02	 9.23291E+00
 5.58576E+02	 4.96387E+00
 5.60489E+02	 1.15952E+01
 5.62402E+02	 1.13931E+01
 5.64313E+02	 4.72461E+00
 5.66224E+02	 5.55615E+00
 5.68134E+02	 1.92090E+00
 5.70044E+02	 4.58496E+00
 5.71953E+02	 7.08301E+00
 5.73861E+02	 5.71436E+00
 5.75768E+02	 4.64600E+00
 5.77675E+02	-1.25244E+00
 5.79581E+02	-5.50537E+00
 5.81486E+02	-3.53613E+00
 5.83391E+02	-2.46191E+00
 5.85295E+02	 1.58643E+00
 5.87199E+02	 1.38867E+00
 5.89101E+02	-4.14941E+00
 5.91003E+02	-5.00293E+00
 5.92905E+02	-2.55664E+00
 5.94805E+02	-3.59863E-01
 5.96705E+02	 3.59082E+00
 5.98605E+02	-3.69629E-01
 6.00503E+02	-4.09668E-01
 6.02401E+02	-9.27734E-02
 6.04298E+02	 7.21338E+00
 6.06195E+02	 1.74316E+00
 6.08091E+02	 6.97754E-01
 6.09986E+02	-6.54785E-01
 6.11881E+02	 7.15137E+00
 6.13775E+02	 1.98486E+00
 6.15668E+02	-2.26709E+00
 6.17561E+02	-3.87939E+00
 6.19452E+02	-1.06689E+00
 6.21344E+02	-5.33691E+00
 6.23234E+02	-5.31885E+00
 6.25124E+02	-1.29395E+00
 6.27013E+02	 4.01611E+00
 6.28902E+02	-5.12207E-01
 6.30790E+02	 2.41309E+00
 6.32677E+02	 2.98633E+00
 6.34563E+02	-2.05908E+00
 6.36449E+02	 5.50146E+00
 6.38334E+02	-7.39746E-01
 6.40219E+02	 3.32031E-02
 6.42103E+02	 3.58838E+00
 6.43986E+02	 7.15869E+00
 6.45868E+02	 2.10986E+00
 6.47750E+02	-3.89648E-01
 6.49631E+02	 2.09277E+00
 6.51512E+02	-2.94287E+00
 6.53392E+02	-6.28906E-01
 6.55271E+02	-6.29883E+00
 6.57149E+02	-3.98633E+00
 6.59027E+02	-4.57031E-01
 6.60904E+02	 1.86914E+00
 6.62781E+02	 7.81641E+00
 6.64657E+02	 5.77930E+00
 6.66532E+02	 2.72559E+00
 6.68406E+02	 2.54395E-01
 6.70280E+02	 3.53369E+00
 6.72153E+02	-9.37012E-01
 6.74026E+02	-1.15674E+00
 6.75898E+02	 2.57422E+00
 6.77769E+02	 1.42285E+00
 6.79639E+02	 3.68555E+00
 6.81509E+02	 1.44873E+00
 6.83379E+02	-3.07178E+00
 6.85247E+02	-5.60938E+00
 6.87115E+02	-9.86328E+00
 6.88982E+02	 3.43262E+00
 6.90849E+02	 6.47949E+00
 6.92715E+02	 4.34326E+00
 6.94580E+02	 2.90479E+00
 6.96444E+02	 2.61328E+00
 6.98308E+02	-2.66406E+00
 7.00172E+02	-2.46582E+00
 7.02034E+02	-6.17139E+00
 7.03896E+02	-1.82959E+00
 7.05757E+02	 5.69336E+00
 7.07618E+02	 5.26367E+00
 7.09478E+02	-1.18896E+00
 7.11337E+02	 2.87207E+00
 7.13196E+02	-3.08594E+00
 7.15054E+02	 4.10156E-01
 7.16911E+02	 1.29053E+00
 7.18768E+02	-1.28174E+00
 7.20624E+02	 1.10605E+01
 7.22479E+02	 7.58301E+00
 7.24334E+02	-8.12988E-01
 7.26188E+02	 1.37158E+00
 7.28041E+02	-2.72217E+00
 7.29894E+02	-1.01367E+00
 7.31746E+02	-2.99072E+00
 7.33597E+02	-4.98730E+00
 7.35448E+02	-4.56934E+00
 7.37298E+02	-3.27832E+00
 7.39148E+02	 2.64844E+00
 7.40997E+02	 5.20020E-01
 7.42845E+02	 3.71924E+00
 7.44692E+02	 1.50781E+00
 7.46539E+02	 1.04590E+00
 7.48385E+02	-2.15918E+00
 7.50231E+02	-5.69531E+00
 7.52076E+02	-6.93359E-01
 7.53920E+02	-5.93750E-01
 7.55763E+02	-3.96777E+00
 7.57606E+02	-8.20313E-01
 7.59449E+02	 2.04492E+00
 7.61290E+02	 4.05762E+00
 7.63131E+02	 9.64795E+00
 7.64972E+02	 8.58008E+00
 7.66811E+02	 4.01904E+00
 7.68650E+02	 2.06152E+00
 7.70489E+02	 6.00830E+00
 7.72326E+02	 4.55469E+00
 7.74164E+02	 1.01680E+01
 7.76000E+02	 1.43477E+01
 7.77836E+02	 1.31938E+01
 7.79671E+02	 1.75737E+01
 7.81505E+02	 2.02539E+01
 7.83339E+02	 2.31333E+01
 7.85173E+02	 3.42466E+01
 7.87005E+02	 3.62930E+01
 7.88837E+02	 4.20059E+01
 7.90668E+02	 5.49526E+01
 7.92499E+02	 6.97324E+01
 7.94329E+02	 8.68784E+01
 7.96158E+02	 1.19458E+02
 7.97987E+02	 1.60772E+02
 7.99815E+02	 2.20818E+02
 8.01642E+02	 3.20898E+02
 8.03469E+02	 5.38678E+02
 8.05295E+02	 9.64791E+02
 8.07121E+02	 1.56120E+03
 8.08946E+02	 1.98795E+03
 8.10770E+02	 1.98730E+03
 8.12593E+02	 1.51794E+03
 8.14416E+02	 8.91356E+02
 8.16239E+02	 5.03403E+02
 8.18060E+02	 3.18516E+02
 8.19881E+02	 2.43096E+02
 8.21702E+02	 2.03876E+02
 8.23521E+02	 1.91755E+02
 8.25340E+02	 1.89535E+02
 8.27159E+02	 1.88749E+02
 8.28977E+02	 2.18861E+02
 8.30794E+02	 2.50075E+02
 8.32610E+02	 2.94588E+02
 8.34426E+02	 3.31867E+02
 8.36241E+02	 3.90647E+02
 8.38056E+02	 5.33794E+02
 8.39870E+02	 7.40907E+02
 8.41683E+02	 8.66720E+02
 8.43496E+02	 8.14533E+02
 8.45308E+02	 6.07580E+02
 8.47119E+02	 3.72593E+02
 8.48930E+02	 2.35239E+02
 8.50740E+02	 1.71553E+02
 8.52550E+02	 1.42565E+02
 8.54359E+02	 1.16079E+02
 8.56167E+02	 9.14917E+01
 8.57975E+02	 7.54380E+01
 8.59782E+02	 6.06514E+01
 8.61588E+02	 4.67979E+01
 8.63394E+02	 4.43774E+01
 8.65199E+02	 2.97905E+01
 8.67003E+02	 2.03706E+01
 8.68807E+02	 1.52168E+01
 8.70610E+02	 1.39966E+01
 8.72413E+02	 1.45596E+01
 8.74215E+02	 9.67041E+00
 8.76016E+02	 1.11611E+01
 8.77817E+02	 2.56641E+00
 8.79617E+02	 2.51953E+00
 8.81416E+02	-3.46191E-01
 8.83215E+02	 2.34863E-01
 8.85013E+02	-3.35449E-01
 8.86810E+02	-3.93555E-01
 8.88607E+02	-1.18457E+00
 8.90403E+02	-3.60938E+00
 8.92199E+02	 3.19873E+00
 8.93994E+02	 1.45405E+01
 8.95788E+02	 3.91157E+01
 8.97582E+02	 6.63242E+01
 8.99375E+02	 8.00332E+01
 9.01168E+02	 8.72749E+01
 9.02959E+02	 6.76831E+01
 9.04751E+02	 4.66250E+01
 9.06541E+02	 1.83667E+01
 9.08331E+02	 6.67529E+00
 9.10121E+02	-8.82813E-01
 9.11909E+02	 1.52539E+00
 9.13697E+02	 4.70068E+00
 9.15485E+02	 6.20947E+00
 9.17272E+02	-4.18213E+00
 9.19058E+02	-8.14844E+00
 9.20843E+02	-8.77539E+00
 9.22628E+02	-8.56934E+00
 9.24413E+02	-6.16309E+00
 9.26196E+02	-2.85645E+00
 9.27979E+02	-1.78369E+00
 9.29762E+02	-3.24414E+00
 9.31544E+02	 9.56250E+00
 9.33325E+02	 2.07021E+01
 9.35106E+02	 4.26416E+01
 9.36886E+02	 8.63818E+01
 9.38665E+02	 1.36854E+02
 9.40444E+02	 1.76161E+02
 9.42222E+02	 1.85901E+02
 9.43999E+02	 1.49773E+02
 9.45776E+02	 1.09113E+02
 9.47552E+02	 6.24531E+01
 9.49328E+02	 3.87593E+01
 9.51103E+02	 2.84321E+01
 9.52877E+02	 1.85718E+01
 9.54651E+02	 1.87451E+01
 9.56424E+02	 2.44180E+01
 9.58197E+02	 2.36577E+01
 9.59969E+02	 3.79307E+01
 9.61740E+02	 5.73701E+01
 9.63511E+02	 8.38765E+01
 9.65281E+02	 1.17383E+02
 9.67050E+02	 1.97022E+02
 9.68819E+02	 3.23896E+02
 9.70587E+02	 5.42402E+02
 9.72355E+02	 7.82575E+02
 9.74122E+02	 9.15848E+02
 9.75888E+02	 8.35488E+02
 9.77654E+02	 5.90194E+02
 9.79419E+02	 3.49667E+02
 9.81184E+02	 1.91273E+02
 9.82948E+02	 1.04913E+02
 9.84711E+02	 5.59194E+01
 9.86473E+02	 2.56255E+01
 9.88236E+02	 2.36318E+01
 9.89997E+02	 3.09048E+01
 9.91758E+02	 4.32446E+01
 9.93518E+02	 7.42510E+01
 9.95278E+02	 1.10224E+02
 9.97037E+02	 1.60864E+02
 9.98795E+02	 2.00070E+02
 1.00055E+03	 2.01076E+02
 1.00231E+03	 1.66183E+02
 1.00407E+03	 1.11723E+02
 1.00582E+03	 6.64292E+01
 1.00758E+03	 3.44688E+01
 1.00933E+03	 2.62417E+01
 1.01109E+03	 1.56812E+01
 1.01284E+03	 9.65430E+00
 1.01459E+03	 3.72705E+00
 1.01635E+03	 7.83350E+00
 1.01810E+03	 4.54004E+00
 1.01985E+03	-2.06689E+00
 1.02160E+03	-3.52539E+00
 1.02335E+03	 5.49756E+00
 1.02510E+03	 1.12349E+01
 1.02685E+03	 1.30254E+01
 1.02859E+03	 1.60488E+01
 1.03034E+03	 4.02725E+01
 1.03209E+03	 7.68960E+01
 1.03383E+03	 1.23787E+02
 1.03558E+03	 1.70010E+02
 1.03733E+03	 2.15500E+02
 1.03907E+03	 2.16891E+02
 1.04081E+03	 1.96647E+02
 1.04256E+03	 1.77671E+02
 1.04430E+03	 1.61294E+02
 1.04604E+03	 1.35852E+02
 1.04778E+03	 1.09709E+02
 1.04952E+03	 7.72656E+01
 1.05126E+03	 5.13228E+01
 1.05300E+03	 2.49463E+01
 1.05474E+03	 1.25366E+01
 1.05648E+03	 4.32666E+00
 1.05822E+03	-9.11621E+00
 1.05995E+03	-8.12598E+00
 1.06169E+03	-1.01689E+01
 1.06343E+03	-1.04785E+01
 1.06516E+03	-5.15527E+00
 1.06690E+03	-5.23145E+00
 1.06863E+03	-1.77490E+00
 1.07036E+03	 9.98242E+00
 1.07210E+03	-3.03320E+00
 1.07383E+03	-2.74561E+00
 1.07556E+03	-6.25977E+00
 1.07729E+03	 3.36914E+00
 1.07902E+03	 1.11475E+00
 1.08075E+03	-1.46387E+00
 1.08248E+03	-2.58496E+00
 1.08421E+03	 6.46924E+00
 1.08594E+03	 3.10059E-01
 1.08767E+03	-9.70264E+00
 1.08939E+03	-1.37769E+01
 1.09112E+03	-9.85449E+00
 1.09285E+03	-1.98193E+00
 1.09457E+03	-1.39570E+01
 1.09630E+03	-3.77100E+00
 1.09802E+03	 1.06089E+01
 1.09974E+03	 1.66812E+01
 1.10147E+03	 2.85259E+01
 1.10319E+03	 2.85718E+01
 1.10491E+03	 2.44048E+01
 1.10663E+03	 1.90264E+01
 1.10835E+03	 1.10449E+01
 1.11007E+03	 3.87695E+00
 1.11179E+03	-2.32520E+00
 1.11351E+03	-7.70654E+00
 1.11523E+03	 3.65723E+00
 1.11694E+03	 3.35889E+00
 1.11866E+03	 5.91797E-01
 1.12038E+03	 5.45117E+00
 1.12209E+03	 6.73682E+00
 1.12381E+03	-8.05713E+00
 1.12552E+03	-8.45166E+00
 1.12724E+03	-9.37158E+00
 1.12895E+03	-1.42725E+01
 1.13066E+03	-1.67617E+01
 1.13237E+03	-1.35435E+01
 1.13408E+03	-2.10693E+01
 1.13580E+03	-2.95068E+00
 1.13751E+03	 1.93408E+00
 1.13922E+03	 2.22192E+01
 1.14092E+03	 2.53711E+01
 1.14263E+03	 4.08892E+01
 1.14434E+03	 8.05078E+01
 1.14605E+03	 1.15959E+02
 1.14776E+03	 1.72845E+02
 1.14946E+03	 2.48163E+02
 1.15117E+03	 3.31115E+02
 1.15287E+03	 4.05333E+02
 1.15458E+03	 4.40318E+02
 1.15628E+03	 4.22570E+02
 1.15798E+03	 3.77255E+02
 1.15969E+03	 3.67940E+02
 1.16139E+03	 3.72925E+02
 1.16309E+03	 4.18144E+02
 1.16479E+03	 5.12929E+02
 1.16649E+03	 6.58414E+02
 1.16819E+03	 7.92632E+02
 1.16989E+03	 8.34018E+02
 1.17159E+03	 7.62402E+02
 1.17329E+03	 5.61154E+02
 1.17498E+03	 3.75673E+02
 1.17668E+03	 2.36225E+02
 1.17838E+03	 1.35509E+02
 1.18007E+03	 6.95947E+01
 1.18177E+03	 3.05464E+01
 1.18346E+03	 1.60313E+01
 1.18515E+03	-5.38379E+00
 1.18685E+03	-1.91396E+01
 1.18854E+03	-1.67646E+01
 1.19023E+03	-1.02935E+01
 1.19192E+03	-2.27051E-01
 1.19362E+03	-2.67090E-01
 1.19531E+03	-3.62646E+00
 1.19700E+03	-3.87158E+00
 1.19868E+03	-3.03076E+00
 1.20037E+03	 4.16162E+00
 1.20206E+03	-4.12793E+00
 1.20375E+03	-2.20313E+00
 1.20544E+03	 4.54980E+00
 1.20712E+03	-3.01953E+00
 1.20881E+03	-1.34063E+01
 1.21049E+03	-7.34375E-01
 1.21218E+03	 2.49790E+01
 1.21386E+03	 4.87251E+01
 1.21554E+03	 8.46050E+01
 1.21723E+03	 1.45818E+02
 1.21891E+03	 2.00665E+02
 1.22059E+03	 2.42978E+02
 1.22227E+03	 2.38157E+02
 1.22395E+03	 1.84970E+02
 1.22563E+03	 1.28150E+02
 1.22731E+03	 7.30967E+01
 1.22899E+03	 3.62427E+01
 1.23067E+03	 1.58228E+01
 1.23235E+03	-3.09766E+00
 1.23402E+03	-1.60513E+01
 1.23570E+03	-5.63867E+00
 1.23738E+03	-8.21484E+00
 1.23905E+03	-7.71533E+00
 1.24073E+03	-9.04395E+00
 1.24240E+03	-8.16797E+00
 1.24407E+03	 1.81055E+00
 1.24575E+03	 1.16489E+01
 1.24742E+03	 1.74536E+01
 1.24909E+03	 3.02256E+01
 1.25076E+03	 4.38633E+01
 1.25243E+03	 8.10352E+01
 1.25410E+03	 1.11740E+02
 1.25577E+03	 1.36878E+02
 1.25744E+03	 1.33917E+02
 1.25911E+03	 1.07188E+02
 1.26078E+03	 6.56602E+01
 1.26244E+03	 2.91313E+01
 1.26411E+03	 1.74702E+01
 1.26578E+03	-1.21250E+01
 1.26744E+03	-9.15332E+00
 1.26911E+03	-1.29487E+01
 1.27077E+03	-1.86768E+01
 1.27244E+03	-9.27197E+00
 1.27410E+03	-4.13379E+00
 1.27576E+03	 6.97168E+00
 1.27742E+03	 3.29590E+00
 1.27909E+03	 1.11978E+01
 1.28075E+03	 1.45669E+01
 1.28241E+03	 9.10205E+00
 1.28407E+03	 1.46704E+01
 1.28573E+03	 2.25728E+01
 1.28739E+03	 3.52085E+01
 1.28904E+03	 6.69438E+01
 1.29070E+03	 8.40127E+01
 1.29236E+03	 9.78813E+01
 1.29401E+03	 1.22150E+02
 1.29567E+03	 1.42652E+02
 1.29733E+03	 1.53154E+02
 1.29898E+03	 1.52123E+02
 1.30064E+03	 1.61625E+02
 1.30229E+03	 1.88494E+02
 1.30394E+03	 2.18996E+02
 1.30559E+03	 2.39898E+02
 1.30725E+03	 2.56034E+02
 1.30890E+03	 2.47569E+02
 1.31055E+03	 2.32305E+02
 1.31220E+03	 2.15940E+02
 1.31385E+03	 2.07975E+02
 1.31550E+03	 2.15377E+02
 1.31715E+03	 2.46979E+02
 1.31879E+03	 2.63548E+02
 1.32044E+03	 2.96884E+02
 1.32209E+03	 3.38919E+02
 1.32373E+03	 3.96788E+02
 1.32538E+03	 4.64423E+02
 1.32703E+03	 5.46359E+02
 1.32867E+03	 6.49328E+02
 1.33031E+03	 7.59729E+02
 1.33196E+03	 7.99599E+02
 1.33360E+03	 7.64100E+02
 1.33524E+03	 6.90836E+02
 1.33688E+03	 5.96738E+02
 1.33853E+03	 5.33474E+02
 1.34017E+03	 4.88409E+02
 1.34181E+03	 4.74078E+02
 1.34345E+03	 4.53480E+02
 1.34509E+03	 4.27615E+02
 1.34672E+03	 4.72317E+02
 1.34836E+03	 4.31020E+02
 1.35000E+03	 4.45288E+02
 1.35164E+03	 4.51690E+02
 1.35327E+03	 4.70359E+02
 1.35491E+03	 4.87661E+02
 1.35654E+03	 5.07130E+02
 1.35818E+03	 5.35999E+02
 1.35981E+03	 5.73834E+02
 1.36144E+03	 5.83403E+02
 1.36308E+03	 5.87572E+02
 1.36471E+03	 5.70874E+02
 1.36634E+03	 5.41676E+02
 1.36797E+03	 4.92711E+02
 1.36960E+03	 4.87147E+02
 1.37123E+03	 4.88349E+02
 1.37286E+03	 4.85851E+02
 1.37449E+03	 4.80853E+02
 1.37612E+03	 4.95455E+02
 1.37775E+03	 4.92090E+02
 1.37938E+03	 4.69026E+02
 1.38100E+03	 4.45495E+02
 1.38263E+03	 4.35030E+02
 1.38425E+03	 4.30132E+02
 1.38588E+03	 4.18534E+02
 1.38750E+03	 4.04636E+02
 1.38913E+03	 3.97272E+02
 1.39075E+03	 3.87374E+02
 1.39237E+03	 3.83810E+02
 1.39400E+03	 3.82878E+02
 1.39562E+03	 3.92980E+02
 1.39724E+03	 3.57449E+02
 1.39886E+03	 3.34051E+02
 1.40048E+03	 3.29153E+02
 1.40210E+03	 3.23322E+02
 1.40372E+03	 3.26125E+02
 1.40534E+03	 3.26959E+02
 1.40696E+03	 3.22395E+02
 1.40857E+03	 3.21064E+02
 1.41019E+03	 3.00133E+02
 1.41181E+03	 2.90668E+02
 1.41342E+03	 2.86604E+02
 1.41504E+03	 2.82239E+02
 1.41665E+03	 2.77541E+02
 1.41827E+03	 2.67910E+02
 1.41988E+03	 2.66345E+02
 1.42149E+03	 2.73014E+02
 1.42310E+03	 2.72250E+02
 1.42472E+03	 2.66185E+02
 1.42633E+03	 2.55920E+02
 1.42794E+03	 2.38422E+02
 1.42955E+03	 2.40991E+02
 1.43116E+03	 2.53193E+02
 1.43277E+03	 2.73295E+02
 1.43438E+03	 3.02130E+02
 1.43598E+03	 3.23833E+02
 1.43759E+03	 3.30468E+02
 1.43920E+03	 3.11170E+02
 1.44080E+03	 2.87673E+02
 1.44241E+03	 2.68841E+02
 1.44402E+03	 2.44710E+02
 1.44562E+03	 2.50579E+02
 1.44722E+03	 2.57647E+02
 1.44883E+03	 2.78550E+02
 1.45043E+03	 2.85952E+02
 1.45203E+03	 3.13654E+02
 1.45364E+03	 3.52189E+02
 1.45524E+03	 3.86524E+02
 1.45684E+03	 4.02693E+02
 1.45844E+03	 4.32262E+02
 1.46004E+03	 4.59064E+02
 1.46164E+03	 4.53400E+02
 1.46324E+03	 4.31402E+02
 1.46484E+03	 3.90071E+02
 1.46643E+03	 3.22640E+02
 1.46803E+03	 2.66708E+02
 1.46963E+03	 2.15644E+02
 1.47122E+03	 1.80146E+02
 1.47282E+03	 1.52448E+02
 1.47441E+03	 1.25216E+02
 1.47601E+03	 9.75854E+01
 1.47760E+03	 7.55210E+01
 1.47920E+03	 5.88896E+01
 1.48079E+03	 3.68252E+01
 1.48238E+03	 2.41606E+01
 1.48397E+03	 3.86289E+01
 1.48556E+03	 2.52646E+01
 1.48715E+03	 2.87334E+01
 1.48874E+03	 2.67358E+01
 1.49033E+03	 2.93711E+01
 1.49192E+03	 2.20400E+01
 1.49351E+03	 1.44751E+01
 1.49510E+03	 4.14404E+00
 1.49669E+03	-8.25391E+00
 1.49827E+03	-3.48486E+00
 1.49986E+03	-9.43652E+00
 1.50145E+03	-6.36133E+00
 1.50303E+03	 2.38232E+00
 1.50462E+03	 1.04946E+01
 1.50620E+03	 9.67188E+00
 1.50779E+03	 2.58936E+00
 1.50937E+03	-1.49561E+00
 1.51095E+03	-1.23584E+00
 1.51253E+03	-5.02441E+00
 1.51411E+03	-1.41064E+00
 1.51570E+03	-1.83594E+00
 1.51728E+03	-7.55713E+00
 1.51886E+03	-1.11523E+00
 1.52044E+03	 4.56494E+00
 1.52201E+03	 1.13301E+01
 1.52359E+03	 6.57715E+00
 1.52517E+03	 8.52051E-01
 1.52675E+03	 1.00781E+00
 1.52832E+03	-8.59766E+00
 1.52990E+03	-8.24414E+00
 1.53148E+03	-6.03027E+00
 1.53305E+03	-9.43848E-01
 1.53463E+03	-7.04639E+00
 1.53620E+03	-3.19531E+00
 1.53777E+03	 4.28223E+00
 1.53935E+03	 1.14121E+01
 1.54092E+03	 5.42578E+00
 1.54249E+03	 7.62207E+00
 1.54406E+03	 4.80273E+00
 1.54563E+03	 7.66602E-02
 1.54720E+03	-9.10156E-01
 1.54877E+03	-2.53857E+00
 1.55034E+03	-6.33057E+00
 1.55191E+03	 2.79785E+00
 1.55348E+03	 3.13623E+00
 1.55505E+03	-5.12793E+00
 1.55662E+03	-9.84326E+00
 1.55818E+03	-2.36621E+00
 1.55975E+03	-6.76758E-01
 1.56131E+03	-3.00537E+00
 1.56288E+03	 3.12793E+00
 1.56444E+03	 5.22314E+00
 1.56601E+03	 4.15869E+00
 1.56757E+03	 3.22949E+00
 1.56914E+03	-2.23145E-01
 1.57070E+03	-3.51025E+00
 1.57226E+03	-1.67188E+00
 1.57382E+03	 3.00879E+00
 1.57538E+03	 3.66895E+00
 1.57694E+03	 2.41064E+00
 1.57850E+03	-4.30225E+00
 1.58006E+03	 5.14648E-01
 1.58162E+03	-3.03857E+00
 1.58318E+03	 8.17725E+00
 1.58474E+03	-3.53076E+00
 1.58629E+03	-8.12354E+00
 1.58785E+03	-3.47705E+00
 1.58941E+03	-5.18066E+00
 1.59096E+03	-5.72559E+00
 1.59252E+03	-4.93799E+00
 1.59407E+03	-1.04346E+00
 1.59563E+03	 1.75781E-02
 1.59718E+03	 4.00293E+00
 1.59873E+03	 8.85645E+00
 1.60029E+03	 9.39014E+00
 1.60184E+03	 9.08789E+00
 1.60339E+03	 7.67480E+00
 1.60494E+03	 2.42578E+00
 1.60649E+03	-9.11914E+00
 1.60804E+03	-9.03906E+00
 1.60959E+03	-3.47656E+00
 1.61114E+03	-2.02832E+00
 1.61269E+03	-4.04053E+00
 1.61423E+03	 2.13086E+00
 1.61578E+03	 2.33594E+00
 1.61733E+03	-5.01025E+00
 1.61888E+03	-1.71484E+00
 1.62042E+03	 1.31299E+00
 1.62197E+03	 5.77393E+00
 1.62351E+03	 2.82764E+00
 1.62506E+03	 1.40137E+00
 1.62660E+03	 8.14941E-01
 1.62814E+03	-2.96436E+00
 1.62968E+03	 3.26123E+00
 1.63123E+03	 5.56641E+00
 1.63277E+03	-2.55518E+00
 1.63431E+03	-7.08008E-01
 1.63585E+03	-5.81543E+00
 1.63739E+03	-3.22314E+00
 1.63893E+03	-6.03027E-01
 1.64047E+03	-7.87109E-01
 1.64201E+03	 9.33594E-01
 1.64355E+03	-3.23877E+00
 1.64508E+03	 1.61572E+00
 1.64662E+03	 1.37207E-01
 1.64816E+03	-4.56836E+00
 1.64969E+03	 5.92773E-01
 1.65123E+03	 2.38721E+00
 1.65276E+03	 6.61182E+00
 1.65430E+03	 9.33594E-01
 1.65583E+03	 6.61621E-01
 1.65736E+03	-1.70264E+00
 1.65890E+03	-5.81055E-01
 1.66043E+03	 4.31348E+00
 1.66196E+03	-5.49951E+00
 1.66349E+03	-2.74902E+00
 1.66502E+03	-8.66699E-01
 1.66655E+03	 3.55029E+00
 1.66808E+03	-4.28223E-01
 1.66961E+03	 1.90430E-02
 1.67114E+03	-3.29248E+00
 1.67267E+03	 1.36914E+00
 1.67420E+03	-3.27686E+00
 1.67573E+03	-1.03271E+00
 1.67725E+03	-1.68750E+00
 1.67878E+03	 4.00195E+00
 1.68030E+03	 5.38086E-01
 1.68183E+03	-3.92725E+00
 1.68335E+03	 1.75342E+00
 1.68488E+03	-1.63428E+00
 1.68640E+03	 4.34570E-02
 1.68792E+03	 2.32227E+00
 1.68945E+03	 4.12256E+00
 1.69097E+03	 4.16016E-01
 1.69249E+03	 1.48291E+00
 1.69401E+03	-7.91992E-01
 1.69553E+03	-1.92480E+00
 1.69705E+03	 6.62598E-01
 1.69857E+03	 2.86133E+00
 1.70009E+03	-2.43799E+00
 1.70161E+03	-2.28418E+00
 1.70313E+03	-1.35107E+00
 1.70465E+03	-1.59717E+00
 1.70616E+03	 4.03174E+00
 1.70768E+03	 4.58984E-02
 1.70920E+03	-8.05664E-01
 1.71071E+03	-2.09521E+00
 1.71223E+03	-2.73975E+00
 1.71374E+03	-1.05371E+00
 1.71525E+03	-6.70898E-01
 1.71677E+03	-2.21729E+00
 1.71828E+03	 4.17969E-01
 1.71979E+03	-1.15723E-01
 1.72131E+03	 1.08594E+00
 1.72282E+03	-1.87158E+00
 1.72433E+03	 5.44873E+00
 1.72584E+03	 3.79932E+00
 1.72735E+03	-1.06592E+00
 1.72886E+03	-4.56543E-01
 1.73037E+03	-1.46924E+00
 1.73187E+03	 1.03223E+00
 1.73338E+03	-4.51514E+00
 1.73489E+03	 1.95898E+00
 1.73640E+03	 3.92578E-01
 1.73790E+03	 3.16650E+00
 1.73941E+03	 1.93311E+00
 1.74092E+03	-1.35254E-01
 1.74242E+03	 2.08008E-01
 1.74392E+03	 4.14111E+00
 1.74543E+03	-3.65576E+00
 1.74693E+03	 9.78516E-01
 1.74843E+03	-2.86865E+00
 1.74994E+03	-2.19458E+00
 1.75144E+03	-1.10400E+00
 1.75294E+03	 2.91650E+00
 1.75444E+03	-1.28198E+00
 1.75594E+03	-3.78418E-01
 1.75744E+03	 7.97607E-01
 1.75894E+03	 2.18506E-01
 1.76044E+03	 3.51978E+00
 1.76194E+03	 3.30566E+00
 1.76344E+03	-1.62036E+00
 1.76493E+03	-5.34668E-02
 1.76643E+03	 7.66602E-01
 1.76793E+03	 3.33496E-01
 1.76942E+03	-6.43799E-01
 1.77092E+03	 8.10791E-01
 1.77241E+03	-3.02734E-02
 1.77391E+03	-1.07544E+00
 1.77540E+03	-3.82886E+00
 1.77690E+03	-1.20234E+01
